#IC86events[1/year]	sigpSI[pb]	sigpSD[pb]	sig*v[cm^3/s]	mdm[GeV]	DM[Fermion|Scalar]
5.3273e-09 1.0891e-13 0.0000e+00 5.7307e-26 1.8373e+03 S
2.2967e-04 2.5528e-11 0.0000e+00 5.8329e-26 1.8517e+03 S
3.9606e+02 1.6250e-08 1.4709e-03 6.2820e-27 1.2987e+02 F
9.0382e+00 3.2620e-08 9.4504e-07 1.4564e-26 4.4295e+02 F
1.1284e+01 2.1796e-09 4.8774e-05 1.8152e-26 2.9395e+02 F
1.0421e+01 2.3603e-10 3.1019e-05 8.0028e-27 1.5712e+02 F
2.3091e+02 2.2187e-08 3.9224e-03 1.4225e-27 8.5906e+01 F
4.4467e+01 8.6562e-09 2.6047e-03 4.6996e-28 7.7357e+01 F
6.0501e-09 5.9785e-14 1.7310e-10 7.8116e-27 1.1504e+03 F
7.6795e-11 1.4212e-14 9.4661e-12 7.6028e-27 1.1663e+03 F
6.1657e+01 1.3120e-08 3.0666e-03 5.6677e-28 8.1814e+01 F
4.0150e-20 2.8467e-15 2.6813e-13 7.0495e-35 4.9227e+02 F
3.6958e-14 1.5863e-16 3.5897e-13 8.4632e-27 1.1050e+03 F
9.9672e-10 5.2134e-14 0.0000e+00 5.2147e-26 1.9259e+03 S
8.1912e-04 2.5785e-11 6.3589e-08 7.9166e-27 1.1538e+03 F
2.6665e+02 1.0605e-08 2.6532e-03 5.3684e-27 8.7904e+01 F
1.7101e-06 1.2751e-11 6.2578e-07 1.3210e-31 1.6948e+02 F
1.6218e-02 2.2052e-10 0.0000e+00 1.6156e-25 1.1307e+03 S
4.7631e+01 1.5004e-08 2.9124e-03 5.2580e-28 7.5247e+01 F
1.8611e-03 6.2731e-11 7.5723e-08 7.4183e-27 1.1855e+03 F
3.3783e+01 1.2133e-09 1.0017e-04 1.5722e-26 1.5928e+02 F
3.4558e-09 9.3630e-14 0.0000e+00 5.3936e-26 1.8942e+03 S
2.0155e+01 1.5983e-09 1.9921e-04 1.9607e-26 1.8495e+02 F
8.2385e+00 4.6407e-09 5.3735e-05 1.5996e-26 4.4008e+02 F
4.4161e+02 1.9527e-08 1.5317e-03 2.4908e-27 1.4797e+02 F
5.3306e-05 1.2100e-11 0.0000e+00 5.4770e-26 1.8875e+03 S
1.2156e-07 6.4905e-13 0.0000e+00 4.6918e-26 2.0332e+03 S
3.7162e+02 1.2499e-08 1.2452e-03 1.2936e-26 1.4561e+02 F
2.4138e-03 1.3023e-10 0.0000e+00 5.4463e-26 2.0086e+03 S
1.1718e-09 6.2544e-14 0.0000e+00 4.7571e-26 2.0169e+03 S
4.4694e-04 3.8368e-11 0.0000e+00 5.6714e-26 1.8946e+03 S
2.0336e-09 3.1547e-13 4.9088e-09 1.1810e-30 3.3563e+02 F
5.8540e-09 9.3468e-14 1.1112e-10 8.0702e-27 1.1317e+03 F
6.1585e+02 1.3252e-08 1.8421e-03 6.1961e-27 1.6196e+02 F
1.1995e-08 1.3408e-14 2.1162e-10 1.1894e-26 9.3041e+02 F
5.5023e+01 3.0990e-08 1.4064e-04 5.3621e-27 1.6551e+02 F
2.6359e-25 6.2101e-16 1.8806e-13 3.9592e-38 1.3304e+02 F
3.3992e-07 4.4305e-13 8.9452e-10 9.7472e-27 1.0288e+03 F
2.5012e-10 1.9082e-14 1.3860e-09 8.3954e-31 2.4171e+02 F
3.1182e-02 1.9659e-10 3.9506e-07 9.9259e-27 1.0188e+03 F
1.6875e-07 5.8568e-13 0.0000e+00 5.9902e-26 1.7960e+03 S
2.3408e-08 2.6652e-13 9.0757e-11 8.3271e-27 1.1139e+03 F
1.5833e+02 1.7284e-08 3.7430e-03 9.5538e-28 8.5583e+01 F
6.9001e-08 1.8608e-12 4.9083e-09 2.5161e-29 5.7767e+02 F
1.1117e-10 1.6838e-14 0.0000e+00 5.3777e-26 1.8967e+03 S
2.7562e-10 2.9737e-14 0.0000e+00 4.8436e-26 1.9992e+03 S
4.4150e-20 1.9134e-15 1.9974e-11 3.8453e-36 1.5579e+02 F
5.7315e+00 3.1525e-09 2.4634e-05 1.4714e-26 1.1209e+02 F
1.7053e+01 3.0322e-09 8.7610e-05 2.3599e-26 2.6483e+02 F
2.5685e-06 1.6054e-12 2.0032e-09 9.5468e-27 1.0389e+03 F
2.4712e-22 2.9464e-21 3.9507e-17 9.2275e-27 1.0578e+03 F
2.5272e-08 2.2553e-13 0.0000e+00 6.0106e-26 1.7940e+03 S
5.0482e-10 3.8161e-14 0.0000e+00 5.0821e-26 1.9510e+03 S
1.9372e-10 2.0535e-14 0.0000e+00 5.7867e-26 1.8277e+03 S
1.4814e-02 4.1975e-10 0.0000e+00 8.4486e-26 1.7894e+03 S
1.0862e-07 1.9348e-12 1.8113e-08 3.8962e-30 2.6909e+02 F
1.2041e+02 3.6037e-09 5.1933e-04 1.5832e-26 1.1662e+02 F
4.8968e-03 3.5586e-10 8.0804e-07 2.2722e-28 9.8770e+02 F
0.0000e+00 1.6470e-09 2.7713e-02 5.3437e-27 9.7153e+00 F
2.0985e+00 7.9409e-11 6.6741e-06 3.6786e-27 1.4255e+02 F
1.9604e-04 2.8898e-11 0.0000e+00 4.8293e-26 2.0478e+03 S
3.2166e-10 2.6284e-14 0.0000e+00 5.8240e-26 1.8221e+03 S
1.4784e-06 1.4201e-12 2.1206e-09 7.6132e-27 1.1652e+03 F
5.9417e-18 4.3538e-18 1.8614e-15 7.7681e-27 1.1538e+03 F
2.1391e-14 1.6480e-17 3.6997e-13 9.5105e-27 1.0418e+03 F
4.4251e+01 8.9235e-09 2.7024e-03 4.8788e-28 7.5341e+01 F
1.4266e-11 7.1812e-15 0.0000e+00 4.5892e-26 2.0541e+03 S
5.1363e+02 1.4899e-08 1.5861e-03 5.6830e-27 1.5538e+02 F
1.7641e-08 2.6121e-13 0.0000e+00 4.4527e-26 2.0850e+03 S
4.1325e+01 7.4574e-09 2.4177e-03 4.3621e-28 7.7424e+01 F
1.3485e+02 8.7389e-09 6.5036e-04 1.6266e-27 1.1274e+02 F
1.2674e+01 2.7946e-08 2.9332e-05 1.5221e-26 3.6855e+02 F
5.9131e-08 3.5083e-13 0.0000e+00 5.9165e-26 1.8072e+03 S
3.2006e-12 3.6565e-15 0.0000e+00 4.2968e-26 2.1232e+03 S
7.0501e+01 1.2523e-08 1.9904e-03 5.2122e-28 8.1143e+01 F
4.9846e+01 7.7337e-09 2.9427e-03 5.3093e-28 7.6987e+01 F
3.9766e+01 3.0051e-08 2.5141e-03 4.5414e-28 7.3666e+01 F
9.2638e+00 6.6360e-09 6.6479e-05 1.7540e-26 4.5249e+02 F
5.3612e-14 3.6920e-16 1.2918e-13 9.0172e-27 1.0702e+03 F
1.8099e-04 1.2613e-11 2.2420e-08 8.7852e-27 1.0844e+03 F
1.7458e-20 5.0417e-20 4.2325e-16 7.0179e-27 1.2145e+03 F
1.9357e-06 2.0785e-12 2.0091e-09 7.2678e-27 1.1929e+03 F
3.6259e+02 1.5029e-08 3.0387e-03 1.7773e-27 9.9047e+01 F
2.5865e-18 7.3542e-19 4.0233e-15 8.2123e-27 1.1219e+03 F
1.8832e-02 4.2736e-10 0.0000e+00 1.0507e-25 1.5549e+03 S
1.2396e+01 5.7624e-09 9.9732e-05 1.5868e-26 2.0906e+02 F
8.9898e-09 1.6819e-13 1.3455e-11 9.5288e-27 1.0407e+03 F
5.6435e+01 1.3155e-08 3.2926e-03 5.9404e-28 7.7541e+01 F
1.9086e-03 4.4172e-11 9.0054e-08 8.0694e-27 1.1322e+03 F
4.9155e-10 2.6770e-15 3.0907e-09 4.2209e-31 1.0001e+02 F
3.6226e+01 1.0364e-09 1.4682e-04 1.3797e-26 1.1996e+02 F
5.4660e-12 1.0455e-15 4.6477e-12 9.7168e-27 1.0306e+03 F
1.0272e-05 2.9395e-12 5.6099e-09 8.4783e-27 1.1047e+03 F
1.1175e-03 3.7337e-11 0.0000e+00 9.8775e-26 1.4083e+03 S
4.2874e+02 2.0395e-08 1.3080e-03 5.2804e-27 1.6042e+02 F
3.6801e-10 3.6621e-14 0.0000e+00 4.5721e-26 2.0576e+03 S
1.1228e-05 4.3024e-12 6.1202e-09 7.1609e-27 1.2028e+03 F
1.1463e+01 3.7658e-09 7.4829e-05 1.7882e-26 3.2621e+02 F
8.8305e-11 1.3551e-14 0.0000e+00 5.9113e-26 1.8085e+03 S
1.2727e-18 2.5618e-14 6.1584e-11 1.1251e-35 1.0725e+02 F
4.2021e+02 1.8030e-08 3.3479e-03 3.0601e-27 9.6684e+01 F
2.3131e-06 3.1082e-12 0.0000e+00 4.3510e-26 2.1168e+03 S
1.5378e-07 1.2528e-14 1.0719e-09 9.2439e-27 1.0568e+03 F
6.1443e-01 1.6487e-09 8.3267e-06 1.3832e-26 1.0354e+03 F
2.6576e+01 9.7479e-08 4.3573e-06 7.0545e-27 4.1689e+02 F
1.1010e-07 5.0409e-13 1.5284e-10 9.6829e-27 1.0310e+03 F
3.0069e+00 1.1187e-08 4.5019e-05 1.9590e-26 1.0679e+03 F
1.2746e+00 2.6301e-10 1.2490e-05 1.3398e-27 1.8752e+02 F
4.6292e-08 7.8503e-14 4.7168e-10 9.4357e-27 1.0459e+03 F
4.3107e-03 1.9605e-10 1.0868e-06 1.5131e-29 1.4279e+02 F
2.4749e-03 6.0384e-11 9.6219e-08 7.9288e-27 1.1565e+03 F
4.3071e+01 8.3757e-09 2.7567e-03 4.9796e-28 7.3269e+01 F
1.4259e+01 2.7589e-09 1.0683e-04 1.9822e-26 2.3011e+02 F
3.2437e-01 3.1229e-10 3.2179e-06 7.7705e-28 3.3873e+02 F
6.8827e-06 3.7860e-12 0.0000e+00 6.0167e-26 1.7936e+03 S
3.6638e+02 9.4767e-09 1.7886e-03 6.5104e-27 1.1105e+02 F
1.2418e+02 1.3120e-08 3.7069e-03 8.4403e-28 8.3874e+01 F
6.1985e-11 1.5871e-14 0.0000e+00 4.3515e-26 2.1098e+03 S
2.9186e-03 2.2478e-11 1.5796e-06 6.4949e-30 1.5740e+02 F
9.2620e-17 1.8894e-17 1.4658e-15 8.6486e-27 1.0930e+03 F
1.1964e+01 1.7932e-09 5.8356e-05 1.8836e-26 3.0288e+02 F
4.4023e-23 2.5275e-22 2.3595e-17 7.2845e-27 1.1918e+03 F
1.0435e-02 1.2485e-10 2.6323e-07 7.3022e-27 1.1713e+03 F
1.2846e+01 6.8749e-10 3.8718e-05 1.1558e-26 1.5160e+02 F
6.7606e-11 1.2929e-14 0.0000e+00 5.4540e-26 1.8829e+03 S
1.1555e+01 3.5238e-09 7.6621e-05 1.9814e-26 3.7274e+02 F
1.1032e-16 2.3567e-17 1.0797e-15 7.7555e-27 1.1547e+03 F
3.5138e-03 1.8787e-10 0.0000e+00 5.0363e-26 2.2401e+03 S
1.0659e-15 1.2385e-14 3.6972e-11 6.8927e-33 2.3138e+02 F
8.9859e-01 2.0432e-09 7.3656e-06 9.1581e-27 8.1432e+02 F
7.5513e+00 2.1361e-08 7.4620e-05 2.0621e-26 7.4949e+02 F
2.5703e+02 1.4296e-08 2.9682e-03 1.8888e-27 8.8822e+01 F
9.6454e+00 2.4448e-08 2.1513e-05 1.7694e-26 4.5325e+02 F
3.9201e+01 1.1969e-08 2.3476e-03 4.2371e-28 7.6241e+01 F
2.7869e+02 1.9820e-08 8.4840e-04 9.7796e-27 1.6618e+02 F
7.3497e+01 1.4194e-08 6.0343e-04 1.0559e-26 9.0778e+01 F
2.7199e-04 2.4942e-11 0.0000e+00 6.4127e-26 1.7516e+03 S
8.7123e-19 2.2204e-16 4.7775e-12 6.0134e-34 1.9383e+02 F
9.2730e-10 2.7022e-14 5.8310e-11 8.1236e-27 1.1280e+03 F
4.3352e-12 1.4304e-15 5.0446e-12 7.6449e-27 1.1630e+03 F
3.7959e+01 6.4407e-09 2.1649e-03 3.9047e-28 7.8594e+01 F
8.2867e-05 1.5216e-11 0.0000e+00 5.5381e-26 1.8894e+03 S
5.0814e-10 2.0638e-14 0.0000e+00 9.0242e-26 1.4613e+03 S
2.7255e-05 1.0057e-11 0.0000e+00 4.7259e-26 2.0421e+03 S
9.5195e+01 1.5111e-08 3.4430e-03 6.9108e-28 8.5369e+01 F
5.0661e-23 2.2684e-16 4.2851e-14 1.0935e-35 4.1487e+02 F
1.9329e-04 2.4518e-11 0.0000e+00 5.5360e-26 1.9016e+03 S
2.4167e+02 2.5240e-08 7.8112e-04 4.7927e-27 1.5154e+02 F
1.8842e-04 2.3704e-11 0.0000e+00 5.5414e-26 1.8875e+03 S
9.0248e-13 1.4214e-11 8.1207e-10 2.7787e-34 1.6774e+02 F
4.2491e-01 6.9167e-10 6.7095e-07 1.0118e-26 1.7067e+02 F
8.0933e-12 3.9502e-15 3.5788e-12 7.9573e-27 1.1399e+03 F
3.9544e+01 4.6957e-08 2.1734e-04 1.9761e-28 1.0706e+02 F
4.4809e-02 2.6188e-10 7.8712e-07 7.9516e-27 1.1781e+03 F
4.2294e-01 6.3349e-09 2.4353e-02 4.7022e-27 1.1706e+01 F
5.0672e-04 1.9494e-12 2.6592e-06 8.1570e-31 1.3352e+02 F
2.5583e-04 3.3136e-11 0.0000e+00 4.8232e-26 2.0536e+03 S
5.8003e-08 3.9984e-13 0.0000e+00 5.2009e-26 1.9300e+03 S
3.4118e-04 2.0967e-11 1.3940e-08 1.1050e-26 9.6243e+02 F
8.7374e-16 2.5420e-17 7.1987e-14 7.1352e-27 1.2043e+03 F
1.4241e+01 3.3288e-09 7.8575e-04 1.4165e-28 8.0267e+01 F
1.7658e-08 2.1268e-13 0.0000e+00 5.3701e-26 1.8975e+03 S
1.2165e-11 6.3444e-15 0.0000e+00 4.7756e-26 2.0131e+03 S
1.6557e+01 6.3700e-09 1.0770e-04 2.2723e-26 2.5656e+02 F
2.1300e+02 1.8804e-08 2.2420e-03 3.9174e-27 8.6933e+01 F
6.9711e-03 1.7564e-10 5.9882e-09 9.7968e-27 1.0164e+03 F
8.0990e-03 8.7185e-11 1.8181e-07 9.4488e-27 1.0729e+03 F
5.7601e+00 3.2449e-10 2.1110e-05 8.3842e-27 2.2665e+02 F
1.3654e-14 8.4971e-17 2.0120e-13 9.2750e-27 1.0551e+03 F
8.3310e-09 3.6454e-14 2.4875e-10 7.8937e-27 1.1445e+03 F
5.9140e-05 1.3913e-11 5.6094e-09 7.8773e-27 1.1448e+03 F
3.2208e-13 7.4067e-16 8.7671e-13 7.5972e-27 1.1668e+03 F
4.8050e+01 1.1928e-08 2.7496e-03 4.9594e-28 7.8399e+01 F
6.9462e+01 2.4771e-08 2.0618e-04 4.1506e-27 1.5102e+02 F
1.7999e-06 2.4294e-12 5.7246e-10 8.5182e-27 1.1008e+03 F
4.8161e-26 2.1923e-17 4.2764e-15 1.0788e-36 3.9438e+02 F
3.5869e-04 3.8365e-11 0.0000e+00 5.0387e-26 2.0130e+03 S
6.9518e-08 4.4594e-13 0.0000e+00 5.1090e-26 1.9457e+03 S
3.4134e+02 4.5006e-09 2.1351e-03 1.4231e-27 1.1232e+02 F
8.3195e-12 2.1787e-15 4.6750e-12 9.4681e-27 1.0441e+03 F
3.7956e-13 1.1018e-15 9.3452e-14 9.4244e-27 1.0466e+03 F
5.3374e-15 2.4606e-17 2.0587e-13 7.8892e-27 1.1448e+03 F
2.4460e-06 1.1210e-12 2.7586e-09 9.2096e-27 1.0578e+03 F
1.9600e-29 7.4420e-18 2.4382e-17 5.4066e-39 2.3130e+02 F
2.3859e-07 7.9429e-13 2.1339e-10 9.2596e-27 1.0557e+03 F
5.2738e-10 2.4104e-15 6.6958e-11 8.4478e-27 1.1060e+03 F
9.0280e-21 3.6380e-21 2.8416e-16 8.5018e-27 1.1024e+03 F
7.3788e-02 9.7131e-09 2.8711e-05 5.1775e-30 7.9638e+01 F
1.3007e-19 6.2590e-16 3.1451e-11 5.7578e-36 1.2617e+02 F
2.1640e-09 4.0723e-14 7.5362e-11 8.9402e-27 1.0748e+03 F
2.1631e-04 2.5379e-11 0.0000e+00 5.5875e-26 1.8805e+03 S
1.6139e+01 1.5736e-10 1.2927e-04 2.1727e-26 2.1348e+02 F
6.4197e-08 1.4361e-12 8.1015e-09 9.7352e-30 4.7845e+02 F
3.3811e-08 2.6475e-14 5.5703e-10 8.0450e-27 1.1336e+03 F
5.4905e-17 1.6464e-17 1.4879e-15 7.6115e-27 1.1657e+03 F
1.0847e+02 9.2857e-09 2.8152e-03 7.9305e-28 8.1404e+01 F
3.0106e-05 5.1707e-12 9.0652e-09 8.6711e-27 1.0915e+03 F
1.5699e+01 7.4020e-09 1.1438e-04 2.0837e-26 2.2511e+02 F
2.9826e-27 3.3160e-16 4.3697e-15 3.8312e-39 1.6150e+02 F
1.0293e+01 5.1614e-09 7.0559e-05 1.9030e-26 4.2266e+02 F
3.5144e+00 1.3753e-10 2.2369e-05 1.6509e-27 1.7680e+02 F
1.0261e+02 2.6088e-08 4.5476e-04 4.4094e-28 1.2242e+02 F
6.3968e-06 2.1295e-12 3.5975e-09 9.7677e-27 1.0280e+03 F
5.5088e-09 8.9205e-14 1.1368e-10 7.9525e-27 1.1401e+03 F
5.4893e-06 2.5444e-12 4.4401e-09 7.5699e-27 1.1693e+03 F
3.5362e-14 3.0395e-17 6.0845e-13 7.5516e-27 1.1703e+03 F
1.3886e+01 3.2588e-09 8.1588e-05 2.1572e-26 3.1834e+02 F
3.1296e+02 1.6668e-08 1.3779e-03 1.4204e-27 1.2621e+02 F
8.2682e-02 1.4016e-11 1.0468e-06 9.0676e-28 1.0046e+02 F
4.9771e+01 2.1368e-08 2.8112e-03 5.0698e-28 7.8987e+01 F
8.2908e-21 5.7827e-20 2.2075e-16 7.8013e-27 1.1513e+03 F
5.3273e-07 1.0401e-12 4.8474e-07 9.0023e-32 1.1277e+02 F
3.7217e-09 7.0286e-14 9.0433e-11 8.2399e-27 1.1198e+03 F
3.4853e-15 8.7007e-17 7.7768e-14 7.5590e-27 1.1698e+03 F
1.3070e+01 6.6027e-09 8.9379e-05 1.6077e-26 2.1578e+02 F
3.3715e+02 9.0619e-09 1.7411e-03 7.3356e-27 1.0799e+02 F
7.1405e-01 5.6337e-09 2.8921e-07 1.2688e-26 8.4831e+02 F
3.3117e-07 1.0322e-12 1.1603e-10 9.2426e-27 1.0566e+03 F
6.2773e-12 3.1183e-15 4.9304e-12 6.9666e-27 1.2189e+03 F
6.1317e+00 1.4263e-08 4.7324e-05 5.8104e-27 1.9257e+02 F
4.9019e+02 6.5905e-09 1.6044e-03 1.2501e-26 1.4661e+02 F
5.0763e-03 1.9449e-10 0.0000e+00 6.2004e-26 1.9391e+03 S
5.4572e-02 3.6709e-10 5.8308e-07 9.3269e-27 1.0597e+03 F
1.3898e-10 1.2660e-14 0.0000e+00 7.7817e-26 1.5744e+03 S
3.8419e-05 6.5769e-12 5.8183e-09 1.0488e-26 9.9196e+02 F
4.4465e+02 1.0821e-08 1.7910e-03 3.3269e-27 1.2489e+02 F
2.7429e-19 1.2254e-14 2.2465e-13 6.2300e-35 9.3872e+02 F
6.0934e-03 7.7317e-11 1.4777e-07 9.3041e-27 1.0675e+03 F
1.1471e+01 6.1474e-08 8.6135e-04 1.5628e-28 6.5665e+01 F
1.2333e-20 8.9958e-15 9.7381e-12 1.9117e-36 1.5866e+02 F
1.6601e+01 2.2672e-10 1.4696e-04 1.7541e-26 1.8986e+02 F
4.2737e+01 8.7759e-09 2.5316e-03 4.5684e-28 7.6803e+01 F
4.0363e-09 9.0244e-14 9.6920e-11 7.3009e-27 1.1904e+03 F
7.3421e-06 6.6162e-13 6.3312e-09 9.5697e-27 1.0382e+03 F
5.3599e+01 1.0651e-08 3.2053e-03 5.7841e-28 7.6345e+01 F
2.7227e+02 1.2000e-08 2.7383e-03 1.4330e-27 9.4364e+01 F
1.8988e+01 5.0431e-10 8.6059e-05 2.8290e-27 1.1334e+02 F
1.2206e-13 5.2242e-16 5.4599e-13 7.0311e-27 1.2132e+03 F
2.2121e-05 7.1386e-12 0.0000e+00 5.8432e-26 1.8225e+03 S
1.7247e+01 5.7709e-10 6.1129e-05 1.5837e-26 1.2979e+02 F
3.5700e-19 9.3821e-19 3.1377e-16 9.2277e-27 1.0578e+03 F
2.8653e+02 1.2159e-08 2.8964e-03 2.9657e-27 8.9445e+01 F
1.1259e-06 9.7265e-13 2.0316e-09 8.0415e-27 1.1340e+03 F
9.7022e+01 7.2155e-08 1.1949e-03 2.0131e-27 8.3776e+01 F
1.5372e-06 2.0051e-12 0.0000e+00 5.3720e-26 1.9013e+03 S
3.1544e-09 7.9243e-14 0.0000e+00 6.0357e-26 1.7899e+03 S
3.7787e-10 2.7788e-14 0.0000e+00 5.9592e-26 1.8008e+03 S
3.2573e-15 5.8430e-17 1.2032e-13 7.2956e-27 1.1909e+03 F
3.8788e-06 1.3665e-11 8.8695e-07 1.7007e-31 1.1046e+02 F
1.0090e-07 2.6467e-13 7.8885e-10 7.1223e-27 1.2052e+03 F
1.9229e-09 5.8140e-14 0.0000e+00 6.3946e-26 1.7380e+03 S
1.8880e-11 6.8030e-15 6.5137e-12 6.9626e-27 1.2192e+03 F
1.5108e-03 2.5770e-11 7.6434e-08 9.4471e-27 1.0386e+03 F
1.6169e-05 7.6760e-12 0.0000e+00 4.7178e-26 2.0384e+03 S
1.4381e+01 1.9472e-08 6.3198e-05 2.0294e-26 3.6675e+02 F
5.7231e-08 2.5455e-13 2.6916e-10 9.6500e-27 1.0341e+03 F
1.9142e-13 2.9336e-16 8.6913e-13 8.7397e-27 1.0872e+03 F
6.0995e-10 4.3331e-14 0.0000e+00 4.9354e-26 1.9805e+03 S
5.8529e+02 1.6319e-10 3.1466e-03 5.1143e-27 1.0888e+02 F
3.5115e+02 8.2014e-09 1.5549e-03 2.3587e-27 1.5299e+02 F
8.8885e-09 1.1933e-13 8.2210e-11 9.5241e-27 1.0409e+03 F
1.0020e-05 4.0816e-12 0.0000e+00 6.7293e-26 1.6994e+03 S
1.3388e-10 1.4816e-14 0.0000e+00 6.6058e-26 1.7101e+03 S
1.4256e-15 1.6541e-14 4.5768e-10 1.0747e-34 1.4093e+02 F
2.6906e-13 2.6294e-16 1.0863e-12 9.1059e-27 1.0649e+03 F
1.1983e-03 9.2400e-11 0.0000e+00 4.4742e-26 2.2121e+03 S
9.5835e-08 2.1279e-16 9.0161e-10 8.8533e-27 1.0797e+03 F
1.1472e+02 2.5627e-09 5.3531e-04 1.2961e-26 1.1179e+02 F
9.4103e-17 7.9804e-18 2.1653e-14 7.6309e-27 1.1642e+03 F
1.6164e-09 6.2216e-14 0.0000e+00 5.5366e-26 1.8687e+03 S
3.9193e+01 8.8426e-10 1.4189e-04 1.6320e-26 1.2906e+02 F
7.8302e-12 5.1799e-17 8.4814e-12 8.4722e-27 1.1043e+03 F
2.0274e+02 1.5562e-08 3.9160e-03 1.1554e-27 8.6619e+01 F
6.9684e+01 1.5375e-08 3.8197e-03 6.8846e-28 8.0615e+01 F
3.7939e+01 3.9581e-08 1.9499e-03 3.5598e-28 8.1626e+01 F
3.8856e+02 1.5422e-08 1.8707e-03 5.8170e-27 1.1207e+02 F
3.7394e+02 1.7303e-08 1.2490e-03 1.9831e-27 1.5654e+02 F
1.0282e+01 9.2407e-09 7.7546e-05 2.0629e-26 4.9335e+02 F
3.6158e-08 2.6700e-13 4.1005e-09 1.0132e-29 2.2876e+02 F
2.1136e-10 2.1454e-15 4.4392e-11 7.9765e-27 1.1385e+03 F
2.4526e-11 7.9833e-15 0.0000e+00 5.3312e-26 1.9049e+03 S
4.3823e+01 9.2663e-09 2.6718e-03 4.8234e-28 7.5416e+01 F
1.0568e-10 1.2689e-14 0.0000e+00 6.8337e-26 1.6809e+03 S
1.6594e+01 2.0663e-09 1.2549e-04 2.2982e-26 2.2706e+02 F
3.0672e-07 8.5290e-13 0.0000e+00 5.5871e-26 1.8624e+03 S
9.5303e+00 7.1474e-09 6.6121e-05 1.9225e-26 4.7407e+02 F
8.8972e-03 6.5000e-10 0.0000e+00 5.9135e-26 3.2826e+03 S
5.8036e-18 2.9832e-18 2.5573e-15 9.0456e-27 1.0685e+03 F
3.3852e+02 1.2345e-08 1.0854e-03 1.3173e-26 1.5659e+02 F
1.3590e-17 8.8967e-18 0.0000e+00 7.4472e-27 1.1786e+03 F
1.0841e-08 1.5438e-13 0.0000e+00 5.7658e-26 1.8318e+03 S
3.2359e-06 2.8566e-12 0.0000e+00 5.4715e-26 1.8810e+03 S
2.4890e-09 8.4044e-14 0.0000e+00 5.1212e-26 1.9434e+03 S
8.0674e-03 3.2210e-10 0.0000e+00 6.4141e-26 2.1167e+03 S
3.7926e+02 1.6975e-08 3.4538e-03 3.5075e-27 9.2180e+01 F
3.9247e-11 4.3627e-15 1.2017e-11 8.8258e-27 1.0818e+03 F
4.1681e-11 4.3626e-15 1.3559e-11 8.4206e-27 1.1078e+03 F
1.9291e-04 1.6169e-11 0.0000e+00 8.0676e-26 1.5590e+03 S
2.5869e-06 2.8820e-12 0.0000e+00 4.9034e-26 1.9924e+03 S
1.7777e+02 5.1097e-08 1.1676e-03 1.2249e-27 1.0202e+02 F
6.0050e+02 6.3540e-10 3.4395e-03 4.0030e-27 1.0774e+02 F
5.6243e-10 8.0691e-13 6.9472e-09 6.0311e-32 1.2179e+02 F
5.1396e-11 7.7763e-14 2.3504e-08 4.2465e-33 1.1964e+02 F
4.8493e+01 1.6806e-08 2.6995e-03 4.8672e-28 7.9762e+01 F
4.1485e+01 7.6081e-09 2.5363e-03 4.5784e-28 7.5293e+01 F
9.1169e+00 4.8966e-08 1.0536e-05 2.6901e-27 3.6863e+02 F
3.1945e-04 3.3587e-11 0.0000e+00 5.4064e-26 1.9321e+03 S
1.8927e-04 1.9727e-09 1.7112e-06 4.0490e-31 1.3475e+02 F
7.3057e-03 9.1763e-11 1.7087e-07 9.1202e-27 1.1017e+03 F
3.7159e-08 2.8840e-13 3.0442e-10 7.0027e-27 1.2157e+03 F
4.1090e+02 1.6676e-08 2.3302e-03 2.4190e-27 1.0897e+02 F
3.0205e+01 5.6938e-09 2.2130e-03 4.0058e-28 6.7675e+01 F
2.4124e-11 5.1281e-15 7.3579e-12 8.6009e-27 1.0960e+03 F
3.5448e-06 1.5987e-13 5.0765e-09 9.1618e-27 1.0624e+03 F
9.9363e+00 8.4065e-08 4.2443e-03 7.9759e-28 2.3329e+01 F
7.4925e-05 1.1342e-11 0.0000e+00 6.8935e-26 1.6788e+03 S
1.8078e-06 1.5226e-12 0.0000e+00 7.4856e-26 1.6076e+03 S
2.3830e-15 8.7712e-17 3.1280e-14 8.0129e-27 1.1359e+03 F
1.6181e+01 4.1997e-09 1.0257e-04 2.3669e-26 2.8811e+02 F
1.7872e+01 1.1557e-08 1.3549e-04 1.8138e-26 1.9326e+02 F
3.4209e+00 2.5706e-08 2.1254e-05 1.5246e-26 9.8611e+02 F
4.7120e-06 1.3383e-12 3.6771e-09 9.9366e-27 1.0187e+03 F
2.8593e-07 1.0246e-12 0.0000e+00 4.5797e-26 2.0589e+03 S
1.0063e-09 5.6701e-14 0.0000e+00 4.8520e-26 1.9970e+03 S
5.7412e-06 2.0776e-12 4.7608e-09 8.0635e-27 1.1327e+03 F
6.9937e-20 3.2618e-19 3.0374e-16 8.8112e-27 1.0827e+03 F
4.1050e+02 1.6486e-08 1.2600e-03 4.0367e-27 1.5849e+02 F
1.3000e-02 6.7418e-10 0.0000e+00 6.5756e-26 2.6850e+03 S
5.0778e+01 1.0239e-08 3.0109e-03 5.4333e-28 7.6757e+01 F
2.1096e+00 1.1830e-08 2.3511e-05 1.8094e-26 1.0628e+03 F
1.2526e-08 9.9245e-14 0.0000e+00 9.3023e-26 1.4388e+03 S
1.2535e+01 3.2986e-09 8.1546e-05 1.8636e-26 2.9385e+02 F
6.0576e-02 2.7599e-09 1.1762e-06 1.0931e-28 1.8331e+02 F
1.2720e+01 7.2948e-09 8.9074e-05 2.3036e-26 4.2169e+02 F
4.9985e+01 9.6745e-09 2.8195e-03 5.0839e-28 7.9146e+01 F
3.2036e-11 3.9232e-15 1.3251e-11 7.7987e-27 1.1515e+03 F
5.9503e+01 1.1803e-08 3.3991e-03 6.1307e-28 7.8506e+01 F
7.9927e-03 4.9509e-10 0.0000e+00 5.1652e-26 2.8895e+03 S
5.9446e-09 1.5566e-13 6.4632e-11 6.9555e-27 1.2198e+03 F
5.9161e-17 1.5792e-17 1.7273e-16 8.6486e-27 1.0930e+03 F
4.7992e-08 3.5732e-13 0.0000e+00 5.2800e-26 1.9137e+03 S
1.8776e+02 4.6939e-09 2.1953e-03 5.3052e-27 8.4599e+01 F
3.5013e-03 2.2747e-10 0.0000e+00 4.9562e-26 2.3113e+03 S
3.8231e-10 7.6097e-15 5.0443e-11 8.2601e-27 1.1184e+03 F
3.8948e+01 6.6213e-09 2.2055e-03 3.9769e-28 7.8960e+01 F
6.5812e-07 1.3649e-12 0.0000e+00 5.1525e-26 1.9378e+03 S
1.2437e+01 1.3626e-09 8.6639e-05 2.2352e-26 3.8138e+02 F
2.8219e+02 2.5080e-08 2.4785e-03 1.8744e-27 9.4853e+01 F
2.2346e-08 7.4177e-16 4.9659e-10 7.8415e-27 1.1477e+03 F
1.6423e-02 2.0009e-11 4.7390e-07 4.7696e-28 2.6558e+02 F
6.9358e-10 4.9521e-14 0.0000e+00 4.6367e-26 2.0437e+03 S
1.1084e+00 3.0214e-10 1.0267e-05 1.3725e-27 1.9696e+02 F
3.5617e-07 1.0847e-12 0.0000e+00 4.7969e-26 2.0087e+03 S
1.6181e+01 2.6745e-10 1.0803e-04 2.5097e-26 2.9925e+02 F
1.3576e-16 2.3502e-18 3.1278e-14 8.6833e-27 1.0908e+03 F
6.3361e-02 2.4177e-11 1.4076e-06 8.7056e-27 1.1438e+03 F
4.9739e-12 1.9760e-15 5.1371e-10 1.7756e-31 2.7551e+02 F
7.9113e+00 8.7766e-08 8.9305e-03 1.7024e-27 1.7132e+01 F
1.9219e-05 3.5592e-12 7.3733e-09 9.1046e-27 1.0652e+03 F
1.8190e-03 6.2230e-10 2.4637e-07 6.7684e-29 7.1337e+02 F
6.7090e+01 2.8223e-08 1.8919e-04 2.1195e-27 1.6119e+02 F
1.9719e+01 3.0239e-09 1.8431e-04 2.0504e-26 1.8829e+02 F
1.6360e+00 2.0749e-09 2.5519e-06 1.0179e-26 1.9224e+02 F
2.9595e-07 8.9466e-13 0.0000e+00 5.2582e-26 1.9203e+03 S
3.6368e+02 1.5994e-08 1.1172e-03 3.3690e-27 1.5903e+02 F
7.1398e-05 7.7734e-12 1.1332e-08 9.7845e-27 1.0280e+03 F
1.1973e+01 7.0071e-10 8.2158e-05 1.7583e-26 2.6601e+02 F
1.2303e+01 2.6041e-09 8.5612e-05 1.7554e-26 2.5053e+02 F
1.3148e-08 5.3619e-14 2.9789e-10 7.9566e-27 1.1399e+03 F
2.4397e-07 8.7301e-13 0.0000e+00 4.9156e-26 1.9840e+03 S
2.8969e+01 9.0373e-09 3.1447e-04 7.9558e-27 8.4706e+01 F
6.8677e-02 3.1533e-10 8.8942e-07 1.0340e-26 1.0683e+03 F
2.9989e-13 4.0144e-16 1.3121e-12 7.5630e-27 1.1694e+03 F
2.2880e-09 8.3066e-14 0.0000e+00 4.9808e-26 1.9708e+03 S
5.2249e-07 7.6536e-13 1.3726e-09 7.6157e-27 1.1650e+03 F
4.8759e+01 8.8169e-09 2.8077e-03 5.0645e-28 7.8212e+01 F
6.4497e-03 4.6629e-11 1.7776e-07 1.0157e-26 1.0228e+03 F
1.0798e-08 1.6081e-13 0.0000e+00 5.5413e-26 1.8688e+03 S
4.1018e+01 7.2552e-09 2.5160e-03 4.5420e-28 7.5140e+01 F
1.1482e-04 2.2532e-11 0.0000e+00 4.5603e-26 2.0992e+03 S
2.1993e-10 2.5982e-14 5.0440e-12 8.9872e-27 1.0716e+03 F
3.3235e+01 6.7518e-09 1.8326e-03 3.3032e-28 8.0315e+01 F
3.4922e+02 9.4447e-09 3.5690e-03 1.9138e-27 9.3661e+01 F
5.4940e+01 8.7546e-09 3.4104e-03 6.1572e-28 7.4828e+01 F
5.2485e+01 9.8818e-09 3.0660e-03 5.5316e-28 7.7491e+01 F
6.5841e-07 3.1135e-13 1.6931e-09 9.7014e-27 1.0310e+03 F
6.3581e-11 1.3019e-14 0.0000e+00 5.2694e-26 1.9162e+03 S
9.0831e-01 4.8794e-09 1.0940e-05 1.1782e-26 1.1078e+03 F
8.8036e-08 2.4675e-13 1.9529e-10 1.3636e-26 8.6738e+02 F
5.3243e-05 1.1311e-11 0.0000e+00 5.8551e-26 1.8322e+03 S
3.5575e+01 6.7552e-09 2.2632e-03 4.0877e-28 7.3547e+01 F
1.3050e+02 7.7909e-09 2.3989e-03 1.1322e-27 8.1892e+01 F
3.7001e+02 1.3232e-08 1.2775e-03 3.1588e-27 1.3814e+02 F
3.9770e+02 1.4871e-08 1.2359e-03 2.9717e-27 1.5663e+02 F
1.7114e+02 4.0768e-09 9.1887e-04 1.5241e-26 1.0514e+02 F
6.5135e-06 4.7886e-12 4.9965e-10 8.9185e-27 1.0748e+03 F
1.1998e-03 4.5402e-11 7.2086e-08 7.0327e-27 1.2081e+03 F
3.2211e-08 2.1457e-13 3.1546e-10 7.4914e-27 1.1750e+03 F
3.7038e-10 1.6536e-14 3.0664e-11 9.0876e-27 1.0660e+03 F
1.2300e-08 2.6721e-14 3.0592e-10 8.3508e-27 1.1124e+03 F
3.7492e-02 2.9613e-10 5.8513e-07 7.7344e-27 1.1682e+03 F
5.9015e-09 2.2437e-13 2.3484e-08 7.2403e-32 1.1310e+02 F
3.9025e+01 2.3849e-08 2.6055e-03 4.7104e-28 7.1268e+01 F
1.4314e+02 4.8265e-09 1.2709e-03 8.3443e-27 8.9350e+01 F
2.0550e-12 2.0399e-15 2.4367e-12 6.9775e-27 1.2179e+03 F
2.3189e-12 8.6076e-16 3.9693e-12 7.6322e-27 1.1640e+03 F
3.0311e-16 2.1440e-17 2.4875e-14 8.0915e-27 1.1303e+03 F
5.4770e+02 5.0552e-09 2.2330e-03 7.5133e-27 1.2183e+02 F
4.2338e+01 5.1108e-09 1.1762e-04 1.6711e-26 1.6647e+02 F
1.0287e-03 6.4595e-11 0.0000e+00 5.6021e-26 1.9171e+03 S
7.3285e+02 2.2929e-12 3.1328e-03 9.3733e-27 1.4431e+02 F
1.1768e-08 1.6270e-13 0.0000e+00 5.7050e-26 1.8416e+03 S
7.1746e+01 1.5099e-08 3.9234e-03 7.0712e-28 8.0744e+01 F
6.1142e-07 8.6520e-13 1.6871e-09 6.9943e-27 1.2157e+03 F
3.1363e+02 1.8279e-08 3.3009e-03 1.4966e-27 9.4899e+01 F
6.8559e+00 3.8436e-10 5.3308e-05 1.4735e-26 4.5895e+02 F
1.2578e+02 3.3658e-09 3.8247e-04 1.7846e-26 1.6172e+02 F
4.2827e+01 2.4227e-08 2.6084e-03 4.7090e-28 7.5353e+01 F
1.4165e-15 4.0333e-17 7.4303e-14 7.4188e-27 1.1809e+03 F
2.9639e-05 4.7205e-12 9.0653e-09 8.9256e-27 1.0744e+03 F
4.3552e+02 1.4749e-08 2.2614e-03 5.9058e-27 1.0870e+02 F
2.0668e-01 9.1381e-10 2.0800e-06 9.7468e-27 1.0228e+03 F
8.2615e-05 1.6236e-11 0.0000e+00 5.2139e-26 1.9510e+03 S
4.0524e-12 9.6968e-16 5.1479e-12 8.0001e-27 1.1368e+03 F
1.4530e-18 4.0753e-14 2.6543e-11 6.8780e-36 1.5593e+02 F
3.5104e+01 6.9754e-09 2.2409e-03 4.0477e-28 7.3385e+01 F
6.2658e-04 5.6972e-11 0.0000e+00 4.7360e-26 2.0915e+03 S
9.6933e-07 1.9173e-12 0.0000e+00 4.5225e-26 2.0698e+03 S
2.6744e+02 1.4299e-08 8.4083e-04 1.1993e-27 1.6777e+02 F
2.5609e-38 1.1369e-20 1.2119e-20 3.2680e-42 4.6541e+02 F
1.5664e+01 3.2014e-09 1.2431e-04 2.1165e-26 2.1691e+02 F
1.3428e+01 3.5171e-09 9.6610e-05 1.8545e-26 2.3638e+02 F
1.2941e+02 4.3190e-08 5.8895e-04 1.0076e-26 1.1128e+02 F
1.1205e-08 1.1201e-13 1.1438e-10 9.8340e-27 1.0242e+03 F
3.6549e+01 7.5263e-09 2.5012e-03 4.5227e-28 7.0415e+01 F
1.2001e-02 1.4171e-11 4.7178e-07 3.9825e-28 2.8818e+02 F
2.6301e+02 1.0990e-08 2.5075e-03 6.4509e-27 8.8495e+01 F
2.5129e-06 1.2989e-12 2.6350e-09 9.0854e-27 1.0666e+03 F
2.9792e-07 6.8130e-14 1.4144e-08 7.9908e-30 1.2765e+02 F
2.3203e-08 2.7787e-13 0.0000e+00 4.7672e-26 2.0146e+03 S
1.6827e-23 2.4529e-16 1.4663e-12 2.7467e-37 1.3554e+02 F
3.4044e-03 2.9561e-11 3.0520e-07 3.6998e-28 4.2838e+02 F
1.6258e-04 1.1542e-11 1.1697e-08 1.1730e-26 9.3614e+02 F
1.3593e-04 1.7018e-11 0.0000e+00 6.3776e-26 1.7503e+03 S
7.0071e-09 1.4561e-13 0.0000e+00 4.9767e-26 1.9726e+03 S
6.0650e+01 4.5894e-08 3.5608e-03 6.4250e-28 7.7049e+01 F
2.4077e-05 1.0050e-11 0.0000e+00 4.4831e-26 2.0982e+03 S
3.4637e-03 6.7595e-12 2.5078e-07 2.7999e-28 2.0656e+02 F
1.1655e+01 2.6955e-09 8.4922e-05 1.6180e-26 2.3514e+02 F
1.0733e+01 2.7801e-09 9.5038e-05 2.5515e-26 5.2939e+02 F
1.4139e-01 7.9494e-10 1.7986e-06 9.3590e-27 1.1542e+03 F
2.2514e+00 5.8027e-09 1.3252e-06 1.2784e-26 3.3961e+02 F
5.7480e-03 3.1481e-10 0.0000e+00 5.6433e-26 2.2029e+03 S
2.3896e-06 1.3385e-12 2.4503e-09 9.1040e-27 1.0643e+03 F
5.2073e-14 2.9071e-18 5.2447e-13 1.0895e-26 9.7268e+02 F
2.6957e-08 3.6766e-14 4.5260e-10 8.4162e-27 1.1079e+03 F
2.4749e+02 1.6998e-08 8.3104e-04 1.1602e-27 1.4882e+02 F
1.8520e+02 1.2521e-08 7.9688e-04 7.4248e-28 1.2706e+02 F
7.5636e-14 2.7690e-16 3.3108e-13 9.6574e-27 1.0338e+03 F
3.2056e-01 1.1134e-09 3.5851e-06 1.0143e-26 1.0148e+03 F
5.8074e+00 1.6551e-08 6.0647e-05 1.6707e-26 7.7776e+02 F
1.8578e-12 2.0560e-15 1.8646e-12 7.3559e-27 1.1859e+03 F
1.2118e+01 1.9452e-08 9.6743e-04 1.7558e-28 6.4123e+01 F
7.4296e-26 9.5478e-24 7.3463e-19 9.3404e-27 1.0513e+03 F
1.2096e-07 6.6477e-13 0.0000e+00 4.5772e-26 2.0564e+03 S
1.0146e+02 3.1559e-09 5.1560e-04 1.3869e-26 1.0735e+02 F
7.5907e-01 4.3872e-09 5.7806e-06 1.0241e-26 9.9686e+02 F
4.8477e+01 9.8393e-09 2.8042e-03 5.0580e-28 7.7975e+01 F
6.7819e-14 5.4877e-14 2.4225e-09 4.6192e-34 1.3974e+02 F
1.6036e-02 1.1748e-10 2.5201e-07 1.0653e-26 1.0160e+03 F
2.8899e+00 2.9369e-09 1.0413e-05 1.0253e-26 4.3493e+02 F
1.3581e-07 4.2460e-13 6.3376e-10 7.6938e-27 1.1581e+03 F
9.4923e-18 3.6554e-19 1.0522e-14 7.3272e-27 1.1883e+03 F
4.7320e-19 9.4051e-20 2.1425e-15 7.8771e-27 1.1457e+03 F
1.2902e+01 3.9423e-09 8.5428e-05 2.0916e-26 3.1774e+02 F
2.6732e+02 7.9533e-09 1.1658e-03 1.5389e-26 1.1655e+02 F
3.4485e-14 2.3390e-16 3.1012e-13 7.4778e-27 1.1761e+03 F
1.1829e-11 3.6085e-15 4.5317e-12 9.0944e-27 1.0656e+03 F
8.5335e-05 1.5182e-11 0.0000e+00 5.6023e-26 1.8690e+03 S
1.9792e-05 6.6627e-12 0.0000e+00 5.9054e-26 1.8128e+03 S
6.4563e-13 8.7208e-17 2.9021e-12 7.0053e-27 1.2155e+03 F
7.4633e+00 7.9752e-08 3.7656e-04 6.7885e-29 8.0483e+01 F
2.4680e-19 1.4286e-19 1.5100e-15 7.5762e-27 1.1684e+03 F
7.9576e-10 2.7019e-14 3.0316e-11 1.0400e-26 9.9578e+02 F
1.9971e-07 5.2542e-13 0.0000e+00 7.1726e-26 1.6402e+03 S
1.1469e-11 8.4492e-16 7.9097e-12 9.5034e-27 1.0422e+03 F
6.3070e+01 3.4039e-08 2.8133e-03 5.3577e-28 8.2702e+01 F
1.6227e+01 2.4797e-08 3.8690e-05 1.4052e-26 2.0594e+02 F
4.6430e-04 4.0708e-11 0.0000e+00 5.4855e-26 1.9300e+03 S
5.9205e-08 3.5421e-13 0.0000e+00 5.8717e-26 1.8155e+03 S
3.5043e+00 1.2785e-08 3.3640e-05 1.7284e-26 8.9010e+02 F
4.3278e-10 1.8920e-14 2.9225e-11 9.4514e-27 1.0451e+03 F
5.1886e+02 3.0620e-09 2.8416e-03 4.0466e-27 1.2154e+02 F
2.1353e+00 4.8769e-10 1.6983e-05 2.9069e-27 2.1825e+02 F
4.1585e+01 8.2810e-09 2.6473e-03 4.7816e-28 7.3513e+01 F
8.3513e-14 2.9666e-16 6.4009e-13 7.0930e-27 1.2079e+03 F
7.0228e-09 1.3015e-13 0.0000e+00 5.5219e-26 1.8720e+03 S
1.1145e+01 1.1747e-09 4.0651e-05 1.5986e-26 2.2692e+02 F
2.9262e-04 3.6541e-11 0.0000e+00 4.7418e-26 2.0806e+03 S
1.7108e+01 3.9814e-09 1.1261e-04 2.4147e-26 2.6174e+02 F
1.6412e+01 2.6810e-09 1.8062e-04 1.1435e-26 1.7796e+02 F
4.3492e-09 1.0996e-13 2.9587e-11 9.0305e-27 1.0692e+03 F
1.1295e-10 1.5103e-15 1.9616e-09 4.7843e-31 3.4789e+02 F
5.2559e+02 4.5600e-09 3.7135e-03 3.2292e-27 1.0131e+02 F
5.9786e+01 1.9755e-09 6.5212e-04 7.1013e-27 8.4949e+01 F
6.3600e-08 3.1341e-13 0.0000e+00 6.8060e-26 1.6853e+03 S
4.0096e+01 1.7859e-09 1.2737e-04 1.8733e-26 1.7438e+02 F
3.1604e+01 4.4721e-09 2.1299e-03 3.8507e-28 7.1097e+01 F
7.7379e-10 3.4672e-14 4.9966e-11 7.2699e-27 1.1930e+03 F
1.3043e-08 1.2972e-13 2.2202e-10 7.2967e-27 1.1906e+03 F
4.1207e-10 3.4728e-14 0.0000e+00 5.0486e-26 1.9575e+03 S
5.9944e+00 3.2917e-08 6.9141e-05 2.3059e-26 1.0037e+03 F
1.0118e-07 1.3349e-12 1.8411e-08 4.6321e-30 3.8888e+02 F
5.6480e-07 1.2799e-12 0.0000e+00 5.0934e-26 1.9490e+03 S
2.9860e-05 9.2081e-12 0.0000e+00 5.3430e-26 1.9170e+03 S
4.3941e+02 1.8201e-08 2.9399e-03 5.3735e-27 9.9525e+01 F
6.4694e-06 4.1864e-12 6.4833e-08 1.4553e-29 2.2216e+02 F
1.3399e+01 8.6528e-09 9.3237e-05 1.7645e-26 2.3374e+02 F
2.3731e+02 2.2663e-08 2.0419e-03 6.4557e-27 9.0732e+01 F
1.9926e+02 9.9551e-09 2.0959e-03 4.4600e-27 8.6655e+01 F
1.4070e-05 2.9179e-12 6.9507e-09 8.7456e-27 1.0872e+03 F
3.4019e-02 2.1938e-10 4.8151e-07 8.7618e-27 1.0659e+03 F
5.9668e-07 1.5335e-12 5.6844e-10 7.2400e-27 1.1954e+03 F
2.6923e-04 2.6628e-11 0.0000e+00 5.9978e-26 1.8146e+03 S
5.0796e-13 1.2320e-13 3.5764e-10 9.8137e-32 8.1548e+02 F
1.1210e+01 1.0881e-08 8.0474e-05 2.1755e-26 4.8124e+02 F
7.3368e-06 1.7779e-12 4.9243e-09 9.3306e-27 1.0509e+03 F
1.7117e+01 5.9316e-09 1.0908e-04 2.2402e-26 2.3559e+02 F
1.1745e-15 8.1429e-18 8.2773e-14 9.3062e-27 1.0533e+03 F
1.3028e-02 6.8257e-10 0.0000e+00 6.8873e-26 2.7174e+03 S
2.2370e+02 1.2530e-08 2.4890e-03 5.0479e-27 8.5659e+01 F
1.5314e+01 9.3851e-09 9.4023e-05 2.1628e-26 2.9740e+02 F
3.1211e-09 2.7676e-14 1.6654e-10 7.1151e-27 1.2059e+03 F
6.6707e+01 5.4919e-08 3.3286e-04 7.4806e-27 1.0473e+02 F
1.2738e+01 8.1370e-10 9.6610e-05 1.7990e-26 2.3076e+02 F
3.5370e-23 2.0660e-17 1.5469e-13 2.0334e-35 1.9606e+02 F
1.2056e+00 1.4679e-11 6.1973e-06 3.1672e-28 1.4050e+02 F
4.7358e+02 1.4784e-08 2.0934e-03 5.1744e-27 1.1743e+02 F
2.4484e+00 1.3518e-08 2.7552e-05 1.5973e-26 1.0534e+03 F
3.8913e+02 1.2843e-08 1.3357e-03 5.0191e-27 1.3861e+02 F
1.1189e-14 1.7486e-19 3.3112e-13 8.2883e-27 1.1167e+03 F
2.3866e+01 4.2869e-09 2.5239e-04 1.8538e-26 1.7951e+02 F
5.1093e-01 2.2496e-10 2.5010e-06 2.4493e-27 4.1981e+02 F
1.3526e+02 1.5498e-08 4.0542e-03 9.5829e-28 8.2486e+01 F
3.5947e+00 1.3939e-08 6.0924e-06 1.1469e-26 5.8782e+02 F
1.2658e-07 3.0755e-12 1.8309e-08 4.0091e-30 2.7529e+02 F
4.5129e-16 1.0407e-12 1.6645e-10 3.8384e-35 1.3019e+02 F
3.7961e+01 1.3232e-08 2.4084e-03 4.3500e-28 7.3625e+01 F
7.2899e+00 2.1911e-08 4.0963e-05 6.9545e-27 2.1663e+02 F
3.2642e-02 5.3236e-11 9.0108e-07 6.0014e-28 4.6046e+02 F
1.1345e-16 5.2003e-17 2.1306e-11 5.5548e-33 4.6736e+02 F
3.1865e-04 2.6242e-11 0.0000e+00 6.6598e-26 1.7188e+03 S
5.2165e+01 1.0242e-08 3.1820e-03 5.7446e-28 7.5392e+01 F
7.3870e+01 1.7176e-08 1.0074e-03 2.0914e-27 8.2216e+01 F
6.1428e+00 2.3093e-08 1.3553e-02 2.5976e-27 1.5092e+01 F
7.2473e+01 2.9650e-08 1.5045e-03 3.5536e-28 9.2329e+01 F
2.9745e-09 9.6214e-14 9.9445e-12 9.4381e-27 1.0457e+03 F
5.0565e+01 5.9398e-09 2.9615e-03 5.3432e-28 7.7392e+01 F
3.6936e-15 2.5037e-17 9.6249e-14 1.1588e-26 9.4283e+02 F
4.1903e+00 5.4073e-09 1.6933e-05 1.3532e-26 4.8245e+02 F
1.0539e+02 1.0516e-08 4.2404e-03 8.1499e-28 8.5662e+01 F
3.9940e-22 9.0664e-23 6.4002e-17 8.1094e-27 1.1290e+03 F
1.2930e+01 2.4987e-09 1.1908e-04 1.5277e-26 1.9456e+02 F
6.6526e-14 2.5705e-16 3.6169e-13 9.0674e-27 1.0672e+03 F
2.2107e-07 7.4908e-13 0.0000e+00 5.4044e-26 1.8915e+03 S
1.3276e+01 3.9617e-09 8.5120e-05 1.8509e-26 2.6268e+02 F
2.1709e-18 1.6331e-19 4.3939e-15 8.2645e-27 1.1183e+03 F
6.8090e-03 1.7836e-10 8.4967e-08 7.3568e-27 1.1756e+03 F
3.1462e+01 7.2896e-10 1.3872e-04 7.4911e-28 1.1785e+02 F
5.3550e-03 2.3634e-10 0.0000e+00 5.5563e-26 2.1320e+03 S
2.3805e+01 2.9298e-09 1.9158e-04 1.9769e-26 1.8380e+02 F
1.1392e-04 2.0214e-11 3.6722e-08 9.7174e-28 7.7253e+02 F
2.4255e-10 2.2364e-14 0.0000e+00 5.9350e-26 1.8049e+03 S
8.9374e+01 1.5343e-08 1.3749e-03 1.2325e-27 8.1884e+01 F
2.9475e-08 1.7018e-13 2.5721e-10 8.8109e-27 1.0825e+03 F
1.1786e-11 5.4970e-15 0.0000e+00 5.3642e-26 1.8990e+03 S
5.3127e-10 2.9207e-14 0.0000e+00 6.6714e-26 1.7017e+03 S
6.8448e-05 7.4460e-12 0.0000e+00 9.7958e-26 1.4067e+03 S
6.4798e-03 1.1116e-10 1.6298e-07 7.7528e-27 1.1665e+03 F
8.9097e-01 2.1499e-08 6.7718e-06 1.3053e-29 1.3982e+02 F
1.1819e-18 1.5079e-15 6.1426e-11 1.1404e-35 1.2127e+02 F
4.4831e-03 5.6986e-12 1.8897e-07 1.0059e-26 1.0182e+03 F
1.8027e+01 3.8155e-09 1.7053e-04 1.8640e-26 1.8789e+02 F
8.0473e-09 1.0588e-13 1.2240e-10 8.4349e-27 1.1068e+03 F
6.0626e-07 1.3978e-12 0.0000e+00 4.8642e-26 1.9981e+03 S
1.8223e-04 3.0504e-11 0.0000e+00 4.3362e-26 2.1521e+03 S
2.1566e-09 5.4358e-14 0.0000e+00 7.1835e-26 1.6395e+03 S
4.8002e-07 1.1838e-12 0.0000e+00 5.0787e-26 1.9518e+03 S
2.4125e+02 1.0268e-08 2.3188e-03 5.6073e-27 8.8395e+01 F
5.1630e+01 1.0432e-08 3.0389e-03 5.4833e-28 7.7099e+01 F
3.5610e+00 8.2446e-10 1.3847e-05 8.1080e-27 3.3359e+02 F
1.4661e+01 3.6559e-09 9.8062e-05 2.0843e-26 2.6382e+02 F
2.4922e-02 2.1038e-10 3.2579e-07 9.4553e-27 1.0672e+03 F
1.2364e+02 2.0913e-08 5.1996e-04 1.0694e-26 1.1715e+02 F
2.8366e-14 2.2940e-17 4.5002e-13 8.9779e-27 1.0726e+03 F
4.5996e-01 1.9678e-09 4.4615e-06 1.1009e-26 9.9978e+02 F
1.4024e-08 2.2650e-13 0.0000e+00 4.5701e-26 2.0592e+03 S
9.8519e+00 4.5221e-09 6.6416e-05 1.6642e-26 3.7912e+02 F
1.1591e-07 7.7237e-15 1.0504e-09 8.3279e-27 1.1138e+03 F
7.5847e-07 1.1235e-12 0.0000e+00 6.6063e-26 1.7119e+03 S
3.2166e-07 9.3823e-13 0.0000e+00 5.2241e-26 1.9242e+03 S
2.9258e-27 4.4028e-18 9.3065e-14 1.6715e-38 1.0513e+02 F
1.4158e-04 3.0321e-12 3.3955e-07 2.3094e-29 1.7873e+02 F
2.0295e-09 2.3025e-14 1.3552e-10 7.0278e-27 1.2134e+03 F
6.2526e-09 1.2535e-13 0.0000e+00 5.4155e-26 1.8895e+03 S
3.4141e-07 5.8991e-13 1.1077e-09 7.7718e-27 1.1532e+03 F
2.1102e+01 3.0941e-09 1.1467e-04 1.7186e-26 1.0381e+02 F
1.3194e-03 1.2267e-11 8.8959e-08 9.5333e-27 1.0507e+03 F
2.4629e-15 9.1217e-17 2.4874e-14 8.2064e-27 1.1223e+03 F
3.2166e-09 5.6335e-14 8.5295e-11 8.7866e-27 1.0842e+03 F
1.9988e-03 1.0987e-10 0.0000e+00 5.5504e-26 1.9743e+03 S
1.4368e-06 2.3497e-12 0.0000e+00 4.5072e-26 2.0778e+03 S
2.5397e+01 8.0702e-10 1.0840e-04 1.4306e-26 1.1636e+02 F
1.8101e-09 6.3995e-14 0.0000e+00 5.6864e-26 1.8443e+03 S
4.5892e+01 1.4307e-08 2.5974e-03 4.6841e-28 7.8930e+01 F
3.2592e-05 1.0541e-11 0.0000e+00 4.9279e-26 1.9999e+03 S
4.7332e-01 1.7344e-09 4.2453e-06 1.1007e-26 9.4444e+02 F
1.0881e-17 1.4558e-19 1.1298e-14 7.5165e-27 1.1731e+03 F
7.2558e-09 1.2667e-13 0.0000e+00 5.7469e-26 1.8339e+03 S
1.6409e-04 2.3390e-11 0.0000e+00 5.2607e-26 1.9491e+03 S
2.7019e-16 1.2103e-17 3.5238e-14 8.1008e-27 1.1296e+03 F
2.3683e-16 2.2279e-17 1.4059e-14 8.6039e-27 1.0958e+03 F
7.5812e-09 1.0778e-13 1.4324e-10 7.5937e-27 1.1670e+03 F
4.9533e-01 5.5520e-11 2.0920e-06 1.5630e-27 2.4834e+02 F
3.9394e+01 1.3398e-08 2.3560e-03 4.2521e-28 7.6295e+01 F
5.1453e-16 1.6011e-15 4.8006e-10 9.0741e-35 1.0275e+02 F
4.8654e+00 2.0531e-10 1.7985e-05 8.0703e-27 1.2571e+02 F
4.4387e-11 1.0498e-14 0.0000e+00 5.4436e-26 1.8848e+03 S
1.9182e+02 2.4878e-09 9.1528e-04 1.6890e-26 1.1069e+02 F
1.7572e-01 1.2241e-09 2.0721e-06 5.5524e-28 5.4296e+02 F
1.6721e+00 1.3284e-08 3.6199e-06 1.2158e-26 9.0907e+02 F
2.7821e-06 2.2096e-12 1.1859e-09 9.7887e-27 1.0233e+03 F
4.0570e+00 4.1871e-08 1.5050e-06 2.1314e-28 1.9548e+02 F
1.4860e+01 4.7027e-09 1.3831e-04 1.6557e-26 1.9143e+02 F
1.4753e-12 1.2598e-15 2.6452e-12 7.1314e-27 1.2046e+03 F
8.5826e-10 5.6088e-12 1.5070e-09 2.9504e-31 2.4124e+02 F
1.6941e+01 2.8023e-09 7.3554e-05 2.1859e-26 2.3289e+02 F
1.3987e+01 5.7464e-09 8.9600e-05 2.3049e-26 3.6201e+02 F
3.7306e+02 1.4383e-08 1.5192e-03 4.6187e-27 1.2260e+02 F
4.1853e+01 1.7292e-08 2.4093e-03 4.3454e-28 7.8142e+01 F
1.0564e+01 4.7674e-08 1.5951e-05 3.9557e-27 2.6396e+02 F
6.7660e-07 1.3067e-12 1.0003e-09 7.4340e-27 1.1793e+03 F
5.3354e+01 1.0565e-08 2.9592e-03 5.3351e-28 8.0013e+01 F
3.8493e+02 1.5111e-08 2.9860e-03 4.0787e-27 9.5529e+01 F
4.0738e-09 7.2465e-14 8.6601e-11 8.6262e-27 1.0943e+03 F
7.3339e+00 1.5961e-08 4.6187e-05 7.8587e-27 2.1687e+02 F
4.5775e+02 1.4315e-08 3.7684e-03 2.8668e-27 9.6961e+01 F
5.0342e-11 1.0165e-14 0.0000e+00 5.9468e-26 1.8028e+03 S
1.7384e-04 8.0850e-15 2.3491e-07 2.4327e-29 1.7651e+02 F
4.4532e-06 3.2567e-12 0.0000e+00 5.6446e-26 1.8564e+03 S
2.3900e-03 1.0848e-10 0.0000e+00 6.2608e-26 1.8410e+03 S
8.5089e+00 3.0074e-08 4.7165e-05 3.0896e-29 1.2141e+02 F
1.3973e+01 2.7909e-11 9.5382e-05 2.1104e-26 2.7918e+02 F
4.2104e-06 3.5804e-12 0.0000e+00 5.0275e-26 1.9637e+03 S
2.5416e-07 8.4079e-13 3.6498e-10 8.2712e-27 1.1174e+03 F
1.3069e-04 1.9735e-11 0.0000e+00 5.4893e-26 1.8931e+03 S
3.7610e-08 3.7077e-13 0.0000e+00 4.5703e-26 2.0578e+03 S
5.9969e-07 1.5568e-12 2.0438e-10 8.1834e-27 1.1234e+03 F
5.3426e+01 9.4879e-09 2.9412e-03 5.3014e-28 8.0407e+01 F
5.5922e-08 3.3351e-13 0.0000e+00 6.0474e-26 1.7887e+03 S
1.3705e-01 6.4455e-10 1.3400e-06 1.0989e-26 1.0156e+03 F
4.2832e-09 9.2317e-14 0.0000e+00 6.0354e-26 1.7893e+03 S
2.6423e+01 6.9683e-09 1.9655e-03 3.5593e-28 6.7042e+01 F
1.1349e-06 4.4322e-13 0.0000e+00 1.9482e-25 9.8995e+02 S
5.4587e-13 8.4355e-16 1.5061e-12 7.1066e-27 1.2067e+03 F
1.0361e-11 5.7330e-15 0.0000e+00 4.8671e-26 1.9940e+03 S
2.0117e-05 5.0932e-12 0.0000e+00 7.6524e-26 1.5929e+03 S
1.9789e+02 9.1342e-09 2.6515e-03 2.4193e-27 8.4143e+01 F
1.4873e+01 6.0606e-09 9.7314e-05 2.4619e-26 3.6437e+02 F
6.4901e-03 3.6270e-10 0.0000e+00 4.9126e-26 2.5959e+03 S
2.1806e-05 5.3438e-12 9.2255e-09 7.2820e-27 1.1929e+03 F
3.7223e-10 1.4514e-14 4.2669e-11 7.8934e-27 1.1445e+03 F
4.4835e-04 1.4085e-11 4.5984e-08 8.6588e-27 1.0967e+03 F
7.9470e-19 7.6973e-16 3.5466e-12 9.3009e-34 4.8392e+02 F
1.6908e-09 3.7258e-14 6.7315e-11 8.7657e-27 1.0855e+03 F
5.7229e+02 2.2723e-09 1.7485e-03 5.0639e-27 1.6568e+02 F
1.2276e-26 3.6916e-16 2.7194e-14 8.5661e-39 1.6779e+02 F
1.0497e-20 7.6725e-20 2.6526e-16 7.1514e-27 1.2029e+03 F
7.2977e-01 9.5286e-11 8.1741e-06 7.2581e-29 1.5698e+02 F
3.0108e+00 1.1911e-10 1.6330e-05 5.8912e-27 1.0426e+02 F
4.0377e+02 1.5224e-08 1.3822e-03 5.0311e-27 1.3877e+02 F
2.0278e-10 1.3937e-14 0.0000e+00 8.4833e-26 1.5074e+03 S
1.1100e-07 5.8014e-13 0.0000e+00 4.9773e-26 1.9714e+03 S
9.8482e+00 8.5360e-09 7.4139e-05 1.9614e-26 4.8791e+02 F
4.4861e-17 1.2805e-17 6.6317e-15 6.9645e-27 1.2191e+03 F
1.4824e+01 3.2566e-09 1.0059e-04 2.0790e-26 2.5266e+02 F
8.1220e-02 5.1543e-10 9.3570e-07 9.0198e-27 1.1124e+03 F
3.8398e-10 3.1134e-14 0.0000e+00 5.4025e-26 1.8919e+03 S
8.1284e-10 2.1659e-14 7.3929e-11 7.1159e-27 1.2059e+03 F
5.0680e-17 5.5161e-18 1.6606e-14 7.5682e-27 1.1691e+03 F
4.7682e+01 1.0518e-08 2.9389e-03 5.3059e-28 7.4899e+01 F
1.4339e+01 2.0964e-09 9.8158e-05 2.0340e-26 2.5374e+02 F
1.2532e-15 1.4653e-15 5.8988e-11 1.6127e-32 7.6468e+02 F
1.9713e-07 7.3683e-13 0.0000e+00 5.2107e-26 1.9288e+03 S
1.8956e+01 6.1432e-09 9.0682e-05 1.9984e-26 2.0573e+02 F
8.4286e-31 1.7514e-18 2.7665e-17 7.6072e-39 8.1149e+02 F
1.2933e-04 3.4390e-12 2.8983e-08 8.8713e-27 1.0819e+03 F
5.6035e+01 1.6998e-08 3.2685e-03 5.8968e-28 7.7528e+01 F
1.6276e-05 6.8040e-12 0.0000e+00 5.2610e-26 1.9220e+03 S
7.8902e+01 2.8091e-09 5.2301e-04 1.2751e-26 9.7038e+01 F
4.7747e+00 3.0863e-08 4.0416e-05 1.8035e-26 9.7867e+02 F
1.2760e+02 5.5218e-09 3.7534e-04 1.5597e-26 1.6667e+02 F
2.4947e+02 3.9090e-08 1.9448e-03 1.3563e-27 9.9435e+01 F
1.1798e+02 5.8782e-09 9.3444e-04 8.3621e-27 9.2104e+01 F
1.9994e-02 3.3323e-10 0.0000e+00 1.3654e-25 1.2871e+03 S
8.4785e-02 4.7163e-10 8.5057e-07 1.0354e-26 1.0383e+03 F
8.2930e+00 2.0231e-08 7.0153e-06 1.0965e-26 1.7959e+02 F
7.0129e-01 4.8456e-10 5.6217e-06 1.4586e-27 4.4497e+02 F
2.0076e-10 2.5874e-14 0.0000e+00 4.7592e-26 2.0165e+03 S
9.1361e-07 1.9449e-12 2.0200e-11 8.7402e-27 1.0867e+03 F
1.6972e+00 4.5219e-09 1.6709e-05 1.3571e-26 8.8468e+02 F
5.0207e-11 1.0954e-14 0.0000e+00 5.5418e-26 1.8682e+03 S
1.5294e-17 2.9633e-18 8.3073e-15 8.0738e-27 1.1315e+03 F
2.7042e-01 1.2539e-09 2.7207e-06 1.2333e-26 1.0256e+03 F
8.6663e-08 2.6450e-13 5.1850e-10 8.4668e-27 1.1047e+03 F
3.0685e-06 2.8287e-12 0.0000e+00 5.3977e-26 1.8982e+03 S
2.3197e-02 1.2153e-09 0.0000e+00 1.0055e-25 2.7667e+03 S
9.2938e-10 4.8426e-14 0.0000e+00 5.4038e-26 1.8917e+03 S
1.8547e-10 6.4863e-14 1.6989e-08 6.5829e-33 1.2552e+02 F
3.5226e-05 1.0107e-11 0.0000e+00 5.3096e-26 1.9234e+03 S
2.0576e-08 2.4758e-13 0.0000e+00 5.0148e-26 1.9653e+03 S
5.7974e+02 2.3890e-09 2.1460e-03 1.2934e-26 1.2809e+02 F
2.0048e+01 2.8830e-09 1.8171e-04 2.1873e-26 1.9096e+02 F
1.1981e+01 2.8987e-09 8.5040e-05 1.6685e-26 2.4133e+02 F
6.3763e+00 2.6783e-08 6.9425e-05 2.2339e-26 9.0720e+02 F
1.7078e-03 1.1056e-10 0.0000e+00 4.7428e-26 2.1630e+03 S
2.8002e-23 7.9871e-17 8.8062e-14 2.3595e-35 5.7894e+02 F
8.4339e-04 3.6867e-11 5.4001e-08 7.5502e-27 1.1790e+03 F
2.1266e-04 2.7019e-12 3.6212e-08 9.6255e-27 1.0388e+03 F
3.1048e+01 6.7818e-09 1.7523e-03 3.1599e-28 7.9111e+01 F
3.2793e+02 2.0627e-08 2.2829e-03 8.7944e-27 9.6479e+01 F
1.6186e-06 2.1222e-12 0.0000e+00 5.2240e-26 1.9286e+03 S
6.6430e-10 1.7946e-14 5.2490e-11 8.5044e-27 1.1019e+03 F
3.1581e+02 2.3284e-08 2.7839e-03 1.7846e-27 9.6179e+01 F
2.2642e-13 2.3093e-16 1.2984e-12 7.6213e-27 1.1649e+03 F
1.5923e-05 8.1295e-12 3.1953e-09 7.0102e-27 1.2126e+03 F
2.2898e+02 6.0787e-09 9.8559e-04 1.3598e-26 1.1752e+02 F
1.5503e-12 1.4175e-15 2.5796e-12 7.0562e-27 1.2110e+03 F
1.9644e+01 1.2637e-09 9.1547e-05 1.8465e-26 1.9320e+02 F
6.3068e-08 3.5343e-13 0.0000e+00 6.0607e-26 1.7867e+03 S
2.8116e-05 3.7203e-12 8.6925e-09 9.7633e-27 1.0281e+03 F
1.8213e+02 6.5057e-09 5.8075e-04 1.6805e-26 1.5393e+02 F
6.8101e-03 1.3498e-10 6.3190e-08 9.8474e-27 1.0262e+03 F
7.4789e-11 1.8793e-14 3.1990e-14 8.2354e-27 1.1203e+03 F
1.4613e+01 1.7529e-09 1.3054e-04 1.8882e-26 2.0185e+02 F
7.4530e-03 7.9272e-11 2.0180e-07 8.5784e-27 1.1074e+03 F
2.4557e-10 1.3718e-14 2.4475e-11 9.1121e-27 1.0645e+03 F
2.9118e+02 1.1328e-08 1.4847e-03 1.2294e-27 1.2472e+02 F
4.1030e-08 2.5894e-13 1.8954e-08 1.7769e-30 1.8277e+02 F
1.4052e+01 9.6696e-11 9.6046e-05 2.0968e-26 2.7387e+02 F
3.2070e+01 5.4775e-09 3.2929e-04 2.7792e-27 1.7356e+02 F
4.0002e+00 6.8853e-08 6.6302e-05 1.9153e-26 1.5973e+03 F
4.8872e+01 1.0047e-08 3.0529e-03 5.5132e-28 7.4386e+01 F
2.9942e+02 2.8966e-08 1.5666e-03 2.4408e-27 1.1000e+02 F
1.1422e-18 1.3894e-18 8.1622e-16 9.7282e-27 1.0300e+03 F
8.5849e-05 1.7717e-11 0.0000e+00 4.9078e-26 2.0129e+03 S
1.9067e+02 3.8276e-08 1.6473e-03 4.2925e-27 9.0749e+01 F
8.0100e+00 5.8693e-08 8.6527e-06 2.0970e-27 1.0798e+02 F
4.7778e-11 9.4291e-15 0.0000e+00 6.2257e-26 1.7617e+03 S
2.0788e-28 5.5608e-18 3.5085e-14 6.4095e-39 1.2521e+02 F
1.4301e-17 2.7967e-17 1.4388e-11 1.2449e-33 1.8225e+02 F
1.6384e-08 2.2404e-13 0.0000e+00 4.9508e-26 1.9780e+03 S
3.7417e-11 7.5769e-12 1.7926e-08 3.3483e-33 1.2564e+02 F
8.8004e-15 4.6033e-17 2.0767e-13 8.8291e-27 1.0816e+03 F
1.3062e+02 6.4653e-09 1.6453e-03 3.0924e-27 8.3660e+01 F
1.5408e+02 6.3313e-09 1.6488e-03 6.5489e-27 8.5702e+01 F
1.5880e+01 1.8380e-09 1.2520e-04 2.1948e-26 2.2115e+02 F
9.9866e-25 1.7958e-17 1.3706e-13 4.0213e-37 1.0026e+02 F
4.1908e+02 9.8992e-09 1.9206e-03 4.9747e-27 1.1532e+02 F
5.7824e-15 4.3764e-18 2.4603e-13 7.8648e-27 1.1466e+03 F
5.9006e+02 3.0748e-09 2.0610e-03 1.3999e-26 1.3491e+02 F
1.2402e-05 6.8116e-12 0.0000e+00 4.6292e-26 2.0508e+03 S
7.3382e-11 1.2204e-14 0.0000e+00 5.9787e-26 1.7982e+03 S
2.7019e-02 4.4040e-10 6.8761e-08 8.5372e-27 1.0900e+03 F
5.7274e-15 1.2121e-16 3.1579e-14 9.4327e-27 1.0461e+03 F
1.5524e+01 9.1456e-08 1.1570e-03 2.0977e-28 6.5856e+01 F
1.2779e+01 2.6947e-09 9.1019e-05 1.7080e-26 2.2553e+02 F
3.8014e-06 3.5260e-12 0.0000e+00 4.8635e-26 1.9968e+03 S
5.8238e-11 1.3578e-14 0.0000e+00 4.8725e-26 1.9932e+03 S
2.2698e+02 2.2509e-08 7.3952e-04 3.8725e-27 1.4952e+02 F
3.3296e+01 6.1386e-08 3.0174e-04 7.8173e-27 8.6583e+01 F
1.6365e-24 1.7102e-22 4.0002e-18 7.8598e-27 1.1470e+03 F
6.6087e-13 1.2313e-19 2.8554e-12 7.4695e-27 1.1765e+03 F
3.7629e+02 1.2827e-08 2.2028e-03 1.5747e-27 1.1415e+02 F
1.2180e+01 4.5940e-09 7.1072e-05 1.9538e-26 3.4361e+02 F
1.6326e-08 9.4768e-14 0.0000e+00 1.1014e-25 1.3212e+03 S
8.3330e-12 1.5517e-17 1.0144e-11 7.4525e-27 1.1781e+03 F
4.0831e-09 8.5133e-14 1.1130e-10 7.1385e-27 1.2040e+03 F
6.1429e-05 1.1100e-11 1.1957e-08 7.4054e-27 1.1798e+03 F
1.6168e+01 3.8456e-09 1.0987e-04 2.2803e-26 2.5599e+02 F
1.4052e+01 3.8366e-09 9.5867e-05 1.9631e-26 2.5190e+02 F
2.3720e-08 1.6859e-13 2.6856e-10 7.8277e-27 1.1492e+03 F
7.3132e-15 1.2271e-16 1.2655e-13 7.3477e-27 1.1866e+03 F
2.0776e-09 5.5863e-14 8.2003e-11 7.3223e-27 1.1886e+03 F
3.8476e-05 9.3322e-12 0.0000e+00 5.9668e-26 1.8121e+03 S
4.6458e-12 1.8806e-16 5.4256e-12 9.6703e-27 1.0331e+03 F
2.3417e-03 1.1168e-10 1.1207e-08 8.0034e-27 1.1341e+03 F
4.1350e+02 2.6363e-09 1.6449e-03 1.3695e-26 1.2371e+02 F
7.3564e-03 9.2298e-11 1.7075e-07 8.8843e-27 1.0921e+03 F
3.5870e-06 2.1031e-12 2.9887e-09 8.1788e-27 1.1236e+03 F
4.6600e+02 8.0836e-09 1.8348e-03 1.1848e-26 1.2445e+02 F
2.2742e-04 1.0973e-11 2.4348e-08 9.9579e-27 1.0223e+03 F
1.2056e-23 1.8169e-22 1.1756e-17 7.5699e-27 1.1689e+03 F
2.3495e-08 2.8605e-13 0.0000e+00 4.6736e-26 2.0363e+03 S
5.1671e-06 3.0991e-12 1.5786e-09 9.6929e-27 1.0315e+03 F
2.4655e-04 1.3668e-11 3.2522e-08 8.0828e-27 1.1341e+03 F
8.8352e-12 6.0360e-15 0.0000e+00 4.3223e-26 2.1169e+03 S
1.1449e-13 1.6078e-17 2.0299e-10 1.4778e-32 1.3630e+02 F
6.4195e+01 1.6777e-09 2.4783e-04 1.6789e-26 1.2401e+02 F
1.1289e+01 5.4216e-09 7.6201e-05 1.9123e-26 3.8174e+02 F
4.3175e-06 1.6884e-12 5.2007e-09 7.1738e-27 1.2023e+03 F
1.3746e-08 2.2005e-13 0.0000e+00 4.6452e-26 2.0411e+03 S
3.3888e-22 1.0147e-15 2.4011e-14 6.4837e-36 6.2505e+02 F
1.6608e-14 5.2719e-13 1.4233e-09 2.6010e-34 1.2066e+02 F
1.7850e-03 3.7096e-11 8.1399e-08 8.8039e-27 1.0816e+03 F
4.4622e+00 1.8716e-08 4.9019e-05 1.7785e-26 9.3125e+02 F
5.0345e-19 3.6457e-17 3.2457e-12 8.2367e-34 3.8412e+02 F
1.3864e+01 4.0353e-10 1.1188e-04 1.7856e-26 2.0689e+02 F
2.3617e+02 9.0709e-09 8.9277e-04 9.7897e-27 1.2873e+02 F
6.7382e-01 3.4416e-09 6.7138e-06 1.2424e-26 1.0372e+03 F
1.3388e-05 1.4638e-12 9.0692e-09 8.4935e-27 1.0986e+03 F
2.5162e+01 2.2822e-08 1.8536e-03 3.3563e-28 6.7302e+01 F
1.3651e-06 1.0351e-12 2.1116e-09 8.4100e-27 1.1084e+03 F
1.6414e-29 8.2560e-19 8.8720e-15 2.5276e-39 1.2345e+02 F
3.5943e-04 2.3201e-11 0.0000e+00 8.0351e-26 1.5675e+03 S
8.2100e-25 2.8121e-16 2.1836e-13 5.8023e-38 1.6998e+02 F
2.4473e-14 3.4846e-16 3.0378e-14 7.6083e-27 1.1659e+03 F
3.5433e-11 8.4687e-15 0.0000e+00 5.9860e-26 1.7970e+03 S
3.8686e+02 2.3362e-08 1.1913e-03 2.8084e-27 1.5814e+02 F
1.0123e-10 1.9586e-14 0.0000e+00 4.4913e-26 2.0762e+03 S
2.6234e-01 1.5453e-09 2.3451e-06 1.0483e-26 1.0551e+03 F
1.2776e-03 2.7888e-11 8.7730e-08 7.9030e-27 1.1541e+03 F
3.9829e-07 1.9153e-12 1.9876e-07 9.3456e-32 1.1943e+02 F
5.0835e-03 2.4724e-10 0.0000e+00 5.2648e-26 2.2674e+03 S
4.1698e-02 2.5099e-10 5.2636e-07 9.6131e-27 1.0515e+03 F
3.4391e+01 6.6815e-08 4.7701e-04 1.7529e-28 8.8951e+01 F
5.4014e-14 6.0573e-15 2.4717e-10 1.6237e-32 1.7836e+02 F
2.0846e-04 1.6203e-11 2.3732e-08 8.1989e-27 1.1250e+03 F
9.4964e-07 1.5090e-12 0.0000e+00 5.5769e-26 1.8652e+03 S
1.0194e+01 2.8171e-08 8.1109e-05 2.2257e-26 6.5702e+02 F
1.5683e-01 1.2940e-09 1.1475e-06 8.7697e-27 1.1083e+03 F
4.0736e-07 5.6915e-13 0.0000e+00 9.2890e-26 1.4398e+03 S
2.3168e+01 1.5381e-08 2.5480e-04 5.4593e-27 8.4277e+01 F
4.3279e-09 1.5131e-14 1.7626e-10 8.5900e-27 1.0967e+03 F
3.7159e-14 3.5731e-14 1.2247e-10 2.3076e-32 2.3335e+02 F
1.0321e+01 3.4526e-08 6.4226e-05 1.7349e-26 6.0088e+02 F
5.7646e+01 1.2638e-08 3.5225e-03 6.3595e-28 7.5306e+01 F
1.5195e-03 8.4906e-11 0.0000e+00 5.5544e-26 1.9499e+03 S
6.7613e-08 3.9384e-13 0.0000e+00 5.6610e-26 1.8492e+03 S
9.6564e-01 7.0858e-09 1.9887e-06 8.4908e-27 8.7974e+02 F
3.2600e-10 1.8359e-14 4.0991e-11 7.0212e-27 1.2141e+03 F
7.6880e-33 1.0343e-18 7.4124e-16 1.5257e-40 1.5483e+02 F
1.0783e+01 7.4196e-10 3.8502e-05 1.3606e-26 2.0372e+02 F
3.9807e-19 2.7161e-20 2.2497e-15 7.2536e-27 1.1943e+03 F
8.5002e-16 4.1735e-13 2.4955e-10 5.6424e-35 1.6500e+02 F
1.4190e-11 6.4276e-15 0.0000e+00 5.0603e-26 1.9553e+03 S
3.7326e+02 1.3617e-08 1.3270e-03 2.2253e-27 1.3768e+02 F
7.7252e-04 4.8611e-11 0.0000e+00 6.1508e-26 1.8099e+03 S
5.2001e-15 1.4334e-18 2.4632e-13 7.6046e-27 1.1662e+03 F
4.4088e-07 1.3455e-12 0.0000e+00 4.3480e-26 2.1106e+03 S
7.2227e-15 9.5771e-17 9.0677e-14 9.5375e-27 1.0403e+03 F
1.0681e+01 4.3143e-08 6.0430e-03 1.1410e-27 2.1069e+01 F
1.6578e+02 3.9046e-08 1.4691e-03 1.1315e-27 9.4229e+01 F
5.1982e+01 1.4779e-08 3.2525e-03 5.8733e-28 7.4284e+01 F
1.4520e+01 3.0292e-08 3.3644e-05 1.4096e-26 3.0493e+02 F
2.5329e+00 1.1975e-10 6.8569e-05 1.6224e-29 1.1040e+02 F
2.7044e-20 2.8818e-16 1.0517e-12 2.9625e-34 4.6878e+02 F
8.5006e-10 5.6853e-14 0.0000e+00 4.4863e-26 2.0779e+03 S
4.7860e+01 4.5651e-09 2.8979e-03 5.2303e-28 7.5783e+01 F
2.0650e-12 1.5739e-15 2.1008e-12 8.5007e-27 1.1025e+03 F
9.9996e-04 7.6804e-11 0.0000e+00 4.8097e-26 2.1302e+03 S
7.1561e-09 1.6503e-13 0.0000e+00 4.4867e-26 2.0782e+03 S
9.1635e-04 4.8359e-11 0.0000e+00 6.9164e-26 1.7164e+03 S
2.0624e-09 3.4379e-14 7.4671e-11 9.3849e-27 1.0488e+03 F
6.9234e-04 5.5856e-11 0.0000e+00 5.0866e-26 2.0079e+03 S
8.3164e-11 1.6215e-14 6.1194e-12 8.0052e-27 1.1364e+03 F
6.5346e-03 2.8866e-10 0.0000e+00 5.6073e-26 2.2006e+03 S
3.4717e-06 1.6716e-12 3.0735e-09 8.8006e-27 1.0837e+03 F
6.2972e+01 1.7702e-08 1.8684e-04 1.2167e-26 1.5009e+02 F
4.9141e+02 1.3088e-08 1.6463e-03 3.9893e-27 1.4167e+02 F
7.5748e+00 1.6379e-08 7.3271e-05 2.0301e-26 7.0352e+02 F
2.5275e-07 5.3392e-13 0.0000e+00 7.8895e-26 1.5633e+03 S
1.1010e-04 8.8230e-14 1.8120e-07 2.1476e-29 1.1334e+02 F
3.7403e-03 1.6961e-10 0.0000e+00 5.5961e-26 2.0525e+03 S
2.5329e+01 3.2201e-09 1.9752e-04 1.9834e-26 1.8277e+02 F
6.0697e+01 1.2166e-08 3.4946e-03 6.3028e-28 7.8212e+01 F
1.1890e+02 1.1358e-08 3.9452e-03 8.2317e-28 8.5341e+01 F
4.0611e-18 2.9531e-18 1.8123e-15 8.5733e-27 1.0978e+03 F
1.4898e-06 1.2996e-12 2.5056e-09 7.3044e-27 1.1903e+03 F
8.5894e-09 1.3288e-13 0.0000e+00 5.9452e-26 1.8028e+03 S
9.1951e-13 5.8754e-16 2.0802e-12 8.4769e-27 1.1041e+03 F
1.5631e-07 6.8036e-13 0.0000e+00 5.0346e-26 1.9602e+03 S
3.5231e-13 1.1914e-15 3.0722e-15 8.8909e-27 1.0778e+03 F
1.0340e+00 2.2254e-08 9.7277e-06 1.4008e-29 1.2562e+02 F
1.0683e-23 2.2224e-19 1.0621e-13 2.8445e-35 5.8043e+02 F
6.3698e+02 1.1371e-08 2.0835e-03 5.4820e-27 1.4668e+02 F
8.7664e-02 3.3564e-11 1.9775e-06 8.0506e-27 1.1817e+03 F
4.5541e+01 1.1629e-08 2.9580e-03 5.3451e-28 7.2586e+01 F
8.2148e-03 3.0848e-10 0.0000e+00 6.6051e-26 2.0331e+03 S
4.4154e+00 2.4739e-08 5.5526e-05 1.8430e-26 1.0454e+03 F
9.9298e-15 1.9044e-16 2.2757e-14 8.6465e-27 1.0931e+03 F
2.1137e-09 6.1778e-14 0.0000e+00 6.3172e-26 1.7492e+03 S
1.0519e+01 7.1964e-09 7.4655e-05 1.9311e-26 4.3644e+02 F
6.7372e-16 3.4083e-15 3.8743e-11 1.0326e-32 5.5670e+02 F
1.4660e+00 5.6879e-10 2.1272e-05 1.3261e-26 9.2587e+02 F
1.0337e-01 8.2522e-10 1.0245e-06 7.7657e-27 1.1489e+03 F
8.4801e-07 1.7733e-12 0.0000e+00 4.5628e-26 2.0605e+03 S
6.8857e+00 9.2498e-09 5.5032e-05 1.7608e-26 6.0592e+02 F
5.0684e-12 2.3528e-15 4.0887e-12 7.8260e-27 1.1495e+03 F
3.9708e-10 3.7883e-14 0.0000e+00 4.5905e-26 2.0540e+03 S
1.1866e+01 6.6072e-10 9.2210e-05 2.3807e-26 4.3103e+02 F
5.4434e-37 2.2612e-20 6.3096e-20 1.6422e-41 4.2760e+02 F
4.2721e-05 1.3203e-11 0.0000e+00 4.5504e-26 2.0764e+03 S
6.8989e-06 4.0068e-12 0.0000e+00 5.7215e-26 1.8398e+03 S
4.8233e+01 1.1797e-08 2.7929e-03 5.0376e-28 7.7912e+01 F
6.5163e+00 4.5880e-09 3.4629e-05 1.5481e-26 4.6018e+02 F
4.4486e+02 1.0798e-08 2.0395e-03 3.5947e-27 1.1671e+02 F
1.8976e-30 2.8738e-18 1.3528e-17 3.3709e-39 3.6396e+02 F
1.4727e+01 3.5441e-09 1.0437e-04 2.0584e-26 2.4240e+02 F
7.4877e-01 3.4738e-09 6.8070e-06 1.0484e-26 9.8865e+02 F
4.6431e+02 1.5041e-08 2.8674e-03 6.2310e-27 1.0194e+02 F
1.6522e-03 3.7766e-11 0.0000e+00 1.2713e-25 1.2368e+03 S
4.0325e+01 7.1167e-09 2.5642e-03 4.6314e-28 7.3572e+01 F
4.7181e+00 2.3998e-08 1.8686e-05 2.6917e-27 1.9760e+02 F
6.6101e+02 4.0045e-09 2.9498e-03 7.3524e-27 1.1955e+02 F
3.2293e-09 8.5665e-14 7.6010e-11 7.4182e-27 1.1807e+03 F
4.4920e-12 5.8654e-17 6.1516e-12 8.7722e-27 1.0851e+03 F
9.5819e+00 5.2105e-09 6.0133e-05 1.7817e-26 4.1985e+02 F
2.2947e-09 8.7321e-14 0.0000e+00 4.7694e-26 2.0151e+03 S
4.0097e+00 5.9825e-09 4.3941e-05 2.1607e-29 1.4831e+02 F
1.4675e-25 3.1857e-17 9.9023e-15 2.7181e-36 8.1152e+02 F
8.2273e+00 4.2444e-08 1.8823e-05 4.9565e-27 4.7685e+02 F
5.1508e+01 9.3073e-09 2.8498e-03 5.1371e-28 8.0146e+01 F
3.6265e-11 1.0423e-14 0.0000e+00 4.9951e-26 1.9681e+03 S
6.2155e-11 5.8892e-15 1.7340e-11 7.9377e-27 1.1413e+03 F
2.8604e-04 2.9239e-11 0.0000e+00 5.7219e-26 1.8748e+03 S
1.6348e-09 2.2421e-14 9.2924e-11 8.3646e-27 1.1115e+03 F
7.9975e-10 1.8007e-14 5.8613e-11 8.6390e-27 1.0935e+03 F
3.9385e+02 1.7286e-08 1.9488e-03 2.1845e-27 1.1587e+02 F
7.9696e-08 5.7661e-13 0.0000e+00 4.3058e-26 2.1205e+03 S
5.3101e+01 1.1967e-08 2.9298e-03 5.2816e-28 8.0273e+01 F
9.3948e+00 2.9662e-09 7.3589e-05 1.9579e-26 4.6779e+02 F
3.4114e+01 1.2736e-08 2.1976e-03 3.9706e-28 7.2924e+01 F
4.2397e-01 5.6714e-08 4.2971e-06 6.4645e-30 8.9036e+01 F
7.9125e-17 5.9694e-15 1.5871e-10 4.0436e-35 1.5097e+02 F
5.7248e-11 8.1003e-15 0.0000e+00 7.8045e-26 1.5723e+03 S
1.5994e+01 4.2704e-09 1.0514e-04 2.2955e-26 2.7367e+02 F
3.0572e+01 3.4731e-09 1.8959e-04 2.0945e-26 1.8175e+02 F
1.4910e+01 8.0300e-11 1.8300e-04 4.9865e-29 1.0578e+02 F
1.9047e-07 7.1906e-13 5.0839e-10 7.3584e-27 1.1853e+03 F
4.7393e-11 1.3045e-14 0.0000e+00 4.6025e-26 2.0508e+03 S
3.8004e+00 1.5014e-08 1.4479e-02 2.7834e-27 1.3950e+01 F
7.4109e-23 3.3417e-15 1.4960e-12 2.9067e-37 1.2649e+02 F
4.0008e-23 9.1339e-16 1.5790e-12 3.2014e-37 1.5728e+02 F
7.9861e-08 3.9953e-13 0.0000e+00 6.0320e-26 1.7897e+03 S
2.8313e-09 1.0251e-13 0.0000e+00 4.5350e-26 2.0659e+03 S
2.0170e-16 5.7409e-18 3.0472e-14 9.4009e-27 1.0479e+03 F
1.3467e-05 7.1106e-12 0.0000e+00 4.6431e-26 2.0548e+03 S
1.1221e+02 4.0462e-09 3.8952e-04 1.6561e-26 1.3563e+02 F
1.4782e-03 9.3903e-11 0.0000e+00 5.2541e-26 2.0215e+03 S
4.6738e-06 2.3885e-12 4.5786e-09 7.0907e-27 1.2082e+03 F
9.1637e-03 9.6247e-11 1.8613e-07 9.4529e-27 1.0574e+03 F
2.1718e+02 1.9170e-08 9.6923e-04 8.8917e-28 1.2444e+02 F
1.5863e+01 9.6185e-09 8.7485e-04 1.5772e-28 8.0139e+01 F
4.7609e-03 3.4203e-10 0.0000e+00 5.1111e-26 2.4986e+03 S
1.6409e+01 3.8147e-09 1.0812e-04 2.3613e-26 2.7298e+02 F
4.7897e-10 3.9554e-14 0.0000e+00 4.8037e-26 2.0071e+03 S
5.7735e-10 2.2466e-14 3.6985e-11 8.9253e-27 1.0757e+03 F
6.7625e+01 2.4477e-08 2.2785e-03 4.6801e-28 8.5816e+01 F
5.1393e-15 9.8094e-17 1.1291e-13 7.3519e-27 1.1863e+03 F
3.3394e+01 1.2203e-08 2.2135e-03 4.0005e-28 7.1649e+01 F
5.3296e+01 5.3743e-09 2.9545e-03 5.3265e-28 8.0078e+01 F
6.9544e-04 3.0697e-11 4.8367e-08 7.8309e-27 1.1522e+03 F
2.4340e-10 2.3806e-14 0.0000e+00 5.6088e-26 1.8566e+03 S
1.0613e+02 3.7305e-08 1.7506e-03 7.1513e-28 8.4941e+01 F
1.6529e+00 3.9202e-09 2.5860e-06 8.8522e-27 4.3221e+02 F
6.7495e-08 1.8609e-14 7.4355e-10 8.7029e-27 1.0882e+03 F
9.1738e-11 1.5474e-14 0.0000e+00 5.3207e-26 1.9069e+03 S
1.8854e-03 5.4010e-11 8.5611e-08 7.6893e-27 1.1775e+03 F
1.7941e-06 2.0372e-12 0.0000e+00 5.6912e-26 1.8470e+03 S
1.3778e+01 2.8642e-09 1.2351e-04 1.7373e-26 1.9996e+02 F
5.4926e-10 3.6614e-14 0.0000e+00 5.4889e-26 1.8773e+03 S
2.3577e-02 2.0869e-10 2.5448e-07 9.4815e-27 1.0044e+03 F
1.7097e-10 1.9254e-14 0.0000e+00 5.7970e-26 1.8260e+03 S
2.1109e-09 7.1567e-14 0.0000e+00 5.5032e-26 1.8744e+03 S
1.7908e+01 3.2341e-09 9.4923e-05 1.4408e-26 1.0468e+02 F
5.0735e+00 1.2030e-08 3.7803e-05 1.7905e-26 7.1240e+02 F
1.9704e+01 6.1458e-12 2.0856e-04 1.6287e-26 1.8043e+02 F
3.8566e+00 2.2935e-08 2.3552e-06 8.5292e-29 1.6829e+02 F
1.2282e+01 1.6519e-09 5.3929e-05 1.5968e-26 2.3383e+02 F
2.9643e-33 2.1981e-19 5.0992e-18 1.3906e-39 7.0242e+02 F
4.1282e-07 1.0021e-12 0.0000e+00 5.5182e-26 1.8719e+03 S
1.3554e-03 1.6710e-12 2.7178e-07 1.1084e-28 1.9700e+02 F
1.2198e-18 3.4982e-21 4.1333e-15 7.0457e-27 1.2120e+03 F
3.7523e+01 7.7946e-09 2.4769e-03 4.4764e-28 7.1820e+01 F
2.4473e+01 2.7884e-08 1.7633e-03 3.1915e-28 6.8030e+01 F
2.2102e-04 1.9383e-11 0.0000e+00 7.3579e-26 1.6373e+03 S
6.0176e+01 1.1298e-08 2.7763e-03 5.1905e-28 8.3470e+01 F
4.8358e-06 4.1413e-12 0.0000e+00 4.6973e-26 2.0325e+03 S
3.8278e+02 9.0400e-09 1.5834e-03 1.1739e-26 1.2079e+02 F
4.5219e-09 5.6625e-14 1.0860e-10 9.0972e-27 1.0654e+03 F
1.6398e-10 1.8400e-14 0.0000e+00 5.9306e-26 1.8052e+03 S
1.9942e-13 1.0484e-14 2.3609e-10 5.9562e-32 3.9366e+02 F
1.5076e-08 1.4609e-13 0.0000e+00 7.0795e-26 1.6518e+03 S
4.5166e+01 7.5353e-09 2.8183e-03 5.0894e-28 7.4449e+01 F
1.6947e-10 1.9000e-14 0.0000e+00 5.8460e-26 1.8186e+03 S
1.2528e-18 7.8870e-20 3.6346e-15 7.7995e-27 1.1514e+03 F
4.3911e+02 1.3772e-08 3.1296e-03 6.2605e-27 9.7057e+01 F
7.9488e-11 1.0313e-14 8.5169e-12 9.7765e-27 1.0274e+03 F
5.7060e-07 1.6711e-13 1.8516e-09 9.2817e-27 1.0547e+03 F
7.6673e+00 6.2279e-09 7.9206e-05 2.1595e-26 6.4672e+02 F
4.5333e+01 1.9679e-08 2.6346e-03 4.7525e-28 7.7662e+01 F
5.3636e-10 3.5381e-14 0.0000e+00 5.6027e-26 1.8576e+03 S
1.0102e-11 6.3067e-15 0.0000e+00 4.4142e-26 2.0946e+03 S
1.6708e+01 2.8749e-09 1.5921e-04 1.7166e-26 1.8746e+02 F
1.4865e-10 2.0039e-14 0.0000e+00 5.2368e-26 1.9219e+03 S
1.9914e-09 4.3043e-14 5.6525e-11 9.6497e-27 1.0341e+03 F
2.4438e-05 8.1371e-12 4.9146e-09 7.7813e-27 1.1526e+03 F
4.9050e+01 9.7460e-09 2.9135e-03 5.2577e-28 7.6674e+01 F
2.0283e+01 3.3083e-09 2.0985e-04 1.6408e-26 1.8043e+02 F
5.0184e+01 7.8244e-09 2.8419e-03 5.1245e-28 7.8961e+01 F
4.3705e+02 1.5851e-08 1.5197e-03 2.4572e-27 1.4566e+02 F
1.2323e+02 1.3092e-08 3.5507e-03 8.4314e-28 8.3232e+01 F
3.1138e+02 2.4507e-08 1.3398e-03 5.6502e-27 1.1833e+02 F
7.8103e-22 2.7572e-15 1.4787e-12 6.3110e-37 1.4041e+02 F
3.4351e-09 1.0293e-13 0.0000e+00 4.9308e-26 1.9808e+03 S
1.3215e-01 1.2871e-09 3.4206e-07 9.3503e-27 1.0162e+03 F
2.1185e-07 8.3803e-13 0.0000e+00 4.7910e-26 2.0124e+03 S
2.2615e-12 2.3824e-15 1.1055e-12 8.5528e-27 1.0991e+03 F
5.0244e-10 1.7757e-14 5.3358e-11 7.4230e-27 1.1805e+03 F
6.2660e-07 1.4126e-12 0.0000e+00 4.8830e-26 1.9910e+03 S
1.1154e-05 2.9175e-12 5.1578e-09 9.2396e-27 1.0578e+03 F
4.8790e-03 1.2726e-10 0.0000e+00 8.8195e-26 1.5403e+03 S
7.9700e+01 1.2641e-09 2.3940e-04 1.8765e-26 1.6131e+02 F
3.7088e+01 6.1988e-08 1.6009e-04 4.4808e-27 1.0644e+02 F
9.9028e-06 2.8916e-12 4.7511e-09 9.1364e-27 1.0632e+03 F
7.0470e-06 5.2547e-12 1.1705e-11 9.0553e-27 1.0672e+03 F
5.7946e-11 1.3837e-14 0.0000e+00 4.7786e-26 2.0125e+03 S
2.0250e+02 3.9126e-09 8.0045e-04 1.2916e-26 1.2437e+02 F
9.3881e-01 1.1934e-09 6.6163e-06 1.2082e-27 2.2761e+02 F
4.3428e-12 4.2510e-15 0.0000e+00 4.3040e-26 2.1212e+03 S
1.1559e-08 1.0602e-13 1.6085e-10 8.8384e-27 1.0810e+03 F
6.7869e-08 3.7351e-13 0.0000e+00 5.9519e-26 1.8018e+03 S
1.5614e+01 3.0771e-09 1.3678e-04 2.0324e-26 2.0375e+02 F
1.0075e-04 1.6460e-11 0.0000e+00 5.6854e-26 1.8563e+03 S
2.3158e-01 1.5086e-09 1.4372e-06 9.7539e-27 9.9640e+02 F
3.9780e-04 3.8981e-11 0.0000e+00 5.2498e-26 1.9733e+03 S
5.9283e-05 1.4721e-11 0.0000e+00 4.8231e-26 2.0168e+03 S
7.1673e-16 1.8055e-18 9.3997e-14 7.2884e-27 1.1915e+03 F
2.7854e-13 3.1321e-12 2.2300e-09 4.5948e-34 1.7184e+02 F
6.0348e-01 1.4524e-09 7.7868e-06 1.3435e-26 1.0034e+03 F
1.0249e-10 1.7172e-14 0.0000e+00 5.0887e-26 1.9501e+03 S
4.9166e-11 9.9669e-15 0.0000e+00 5.9912e-26 1.7963e+03 S
4.1281e-17 1.0879e-19 1.7347e-14 9.4063e-27 1.0476e+03 F
2.6219e+02 1.3088e-08 3.5270e-03 1.3430e-27 9.0662e+01 F
8.8180e-08 1.8236e-14 9.3467e-10 8.0501e-27 1.1331e+03 F
8.6905e-03 4.3532e-12 1.1090e-06 3.7874e-29 1.4183e+02 F
1.0814e-04 1.8288e-11 0.0000e+00 5.3095e-26 1.9235e+03 S
4.9745e-03 7.5604e-11 1.3331e-07 8.8564e-27 1.0941e+03 F
1.0876e-07 6.4189e-13 0.0000e+00 4.5055e-26 2.0750e+03 S
3.3926e-06 2.5268e-12 1.8590e-09 8.6732e-27 1.0915e+03 F
1.6420e-08 2.0748e-13 0.0000e+00 5.3157e-26 1.9084e+03 S
3.4801e-01 1.9077e-09 3.5857e-06 9.4469e-27 1.0810e+03 F
2.7319e-07 6.5960e-13 0.0000e+00 6.7243e-26 1.6960e+03 S
1.7752e+02 1.0209e-08 1.9705e-03 4.0478e-27 8.5683e+01 F
2.1287e-04 1.6042e-11 2.2465e-08 8.5448e-27 1.1025e+03 F
6.3820e-12 2.3410e-15 4.0537e-12 8.7732e-27 1.0851e+03 F
1.1281e-18 2.4103e-18 8.1637e-18 7.8869e-27 1.1450e+03 F
1.2280e-27 3.0755e-17 5.4615e-14 1.0254e-38 1.2999e+02 F
4.2977e-13 4.8432e-14 3.7991e-10 1.0376e-31 7.6507e+02 F
1.0868e-04 4.7842e-12 2.0627e-08 9.9167e-27 1.0226e+03 F
2.3944e-06 1.7762e-12 2.7670e-09 7.5927e-27 1.1675e+03 F
4.2257e+02 1.0955e-08 1.6274e-03 2.5961e-27 1.3049e+02 F
3.1902e-07 7.9635e-13 0.0000e+00 6.0585e-26 1.7858e+03 S
2.1642e-01 4.5126e-10 3.6704e-06 7.5957e-27 1.1270e+03 F
8.5221e-07 7.5233e-13 1.3834e-09 9.6082e-27 1.0365e+03 F
1.0744e-10 2.0891e-14 0.0000e+00 4.3523e-26 2.1097e+03 S
1.1458e+01 2.2731e-09 7.7870e-05 1.8992e-26 3.4539e+02 F
1.5104e-10 1.1570e-14 2.1387e-11 8.3584e-27 1.1119e+03 F
4.8177e+01 1.4746e-08 3.1098e-03 5.6188e-28 7.2853e+01 F
1.0735e-11 6.6061e-15 0.0000e+00 4.3500e-26 2.1099e+03 S
5.4877e+01 7.4148e-09 3.3863e-03 6.1143e-28 7.4870e+01 F
1.6180e-05 3.8227e-12 7.8713e-09 7.8834e-27 1.1459e+03 F
3.7269e-06 2.5979e-12 1.3826e-09 9.6995e-27 1.0312e+03 F
2.7821e-06 3.0471e-12 0.0000e+00 4.8099e-26 2.0075e+03 S
1.1372e-08 1.3884e-13 2.0379e-10 6.9215e-27 1.2229e+03 F
2.6987e-08 2.1060e-13 1.9361e-10 8.5374e-27 1.1000e+03 F
6.7336e-07 1.2715e-12 0.0000e+00 5.5615e-26 1.8646e+03 S
1.3633e-07 5.2973e-13 0.0000e+00 5.9577e-26 1.8025e+03 S
1.1177e-26 4.2248e-18 7.3757e-15 1.3606e-36 2.2952e+02 F
6.6676e-16 3.2539e-17 3.0077e-14 8.6580e-27 1.0924e+03 F
1.4047e-11 5.1260e-15 4.4607e-12 8.1899e-27 1.1234e+03 F
7.5703e-14 9.8475e-17 6.0167e-13 9.4819e-27 1.0434e+03 F
1.2479e-04 1.4958e-11 1.7369e-08 7.5875e-27 1.1609e+03 F
5.2625e-13 5.5421e-16 1.2878e-12 8.9555e-27 1.0739e+03 F
4.3338e+01 7.7090e-09 2.6557e-03 4.7941e-28 7.5186e+01 F
1.6130e+01 1.2907e-08 1.5107e-04 1.4518e-26 1.8434e+02 F
3.5228e+00 5.7059e-10 2.6593e-05 4.9043e-27 2.2928e+02 F
7.5607e+01 3.1928e-08 2.1025e-03 5.0540e-28 8.3543e+01 F
1.6989e-20 4.4187e-22 3.5556e-16 9.3797e-27 1.0491e+03 F
4.2011e+02 2.9041e-09 2.6431e-03 7.7540e-27 1.0065e+02 F
2.2798e+02 7.7049e-09 2.1459e-03 7.9891e-27 8.8364e+01 F
2.6880e+02 9.6268e-09 2.6456e-03 4.3340e-27 8.8590e+01 F
1.5962e-08 1.4051e-13 2.5881e-10 7.1679e-27 1.2015e+03 F
5.5160e+01 1.0965e-08 3.0746e-03 5.5428e-28 7.9782e+01 F
3.0265e+01 8.4885e-09 1.6819e-03 3.0320e-28 7.9878e+01 F
2.6693e+01 4.7416e-09 2.5594e-04 1.2114e-26 1.7564e+02 F
6.1932e-15 1.4841e-12 5.1863e-10 1.1396e-34 1.5465e+02 F
4.0979e+02 1.2034e-08 2.1482e-03 8.1231e-27 1.0746e+02 F
7.7704e-04 6.2896e-11 0.0000e+00 4.8827e-26 2.0610e+03 S
7.0736e-07 1.6030e-12 0.0000e+00 4.6028e-26 2.0511e+03 S
1.1626e-05 1.8388e-12 0.0000e+00 1.5423e-25 1.1156e+03 S
6.2077e-05 4.3404e-12 1.0417e-08 1.2131e-26 9.2172e+02 F
1.1574e-14 4.4385e-17 2.2222e-13 9.6224e-27 1.0357e+03 F
1.1388e+01 1.4464e-10 8.7290e-05 2.2447e-26 4.2067e+02 F
2.8245e-19 5.2790e-21 1.8615e-15 7.4626e-27 1.1774e+03 F
1.9998e-08 2.1041e-13 9.5148e-11 9.1269e-27 1.0624e+03 F
4.5553e+01 9.2697e-09 2.7305e-03 4.9281e-28 7.6231e+01 F
6.1004e-01 3.2097e-09 5.8608e-06 1.2198e-26 1.0351e+03 F
5.7677e-10 5.9978e-14 8.2651e-13 7.1376e-27 1.2038e+03 F
4.9608e+02 8.5628e-09 2.1349e-03 3.4327e-27 1.2190e+02 F
2.3506e-25 2.0858e-17 1.8573e-14 2.9287e-36 2.0925e+02 F
2.1770e-17 1.9829e-19 1.3992e-14 8.4663e-27 1.1048e+03 F
4.1400e+01 7.8033e-09 2.2697e-03 4.0914e-28 8.0617e+01 F
1.8692e-25 1.1106e-15 4.8215e-14 1.9287e-38 1.6878e+02 F
9.3361e+00 5.1084e-08 6.1787e-05 3.4814e-27 8.8192e+01 F
8.0843e-11 1.3146e-14 0.0000e+00 5.8353e-26 1.8200e+03 S
5.1540e-21 1.0104e-20 1.9599e-16 8.7976e-27 1.0836e+03 F
6.4297e-04 1.4818e-11 7.3319e-08 7.4733e-27 1.1900e+03 F
8.8811e-11 1.0390e-14 1.9569e-11 7.1414e-27 1.2037e+03 F
3.6187e+02 1.2021e-08 1.4774e-03 2.2719e-27 1.2520e+02 F
8.8954e-10 4.5276e-14 0.0000e+00 5.6360e-26 1.8521e+03 S
5.1087e+01 1.0648e-08 2.9448e-03 5.3119e-28 7.8151e+01 F
6.3710e+00 6.9905e-09 4.6810e-05 1.8306e-26 5.9521e+02 F
5.0419e-01 1.7029e-09 6.7877e-06 1.3371e-26 1.0685e+03 F
1.0666e-01 2.4183e-11 2.5671e-06 3.5897e-28 1.9974e+02 F
1.9085e-17 8.5730e-20 8.9949e-15 1.1987e-26 9.2686e+02 F
3.6042e-03 1.7305e-10 0.0000e+00 5.2989e-26 2.0967e+03 S
7.0637e-08 2.5096e-13 4.8003e-10 8.1884e-27 1.1233e+03 F
2.5390e-03 5.3929e-11 9.6833e-08 8.4542e-27 1.1235e+03 F
3.6711e+01 6.9607e-09 2.3307e-03 4.2100e-28 7.3640e+01 F
1.2878e+01 3.0526e-09 8.4975e-05 1.8861e-26 2.8064e+02 F
2.0479e-05 3.9132e-12 1.0893e-08 7.2507e-27 1.1974e+03 F
5.2457e-07 3.1368e-10 2.2562e-09 1.6906e-31 1.7951e+02 F
1.6354e-13 1.9490e-16 8.2335e-13 9.3949e-27 1.0483e+03 F
2.3058e-03 1.2800e-10 0.0000e+00 5.1611e-26 2.1099e+03 S
1.1458e+02 3.6310e-08 1.3964e-03 6.2240e-28 9.0676e+01 F
2.4964e-05 9.2954e-12 0.0000e+00 4.8670e-26 2.0103e+03 S
3.5991e-03 5.7220e-11 9.3587e-08 9.9356e-27 1.0211e+03 F
4.9673e-01 3.5469e-09 1.9414e-07 8.7840e-27 7.9498e+02 F
1.0783e-02 6.2428e-10 0.0000e+00 6.2561e-26 2.8643e+03 S
1.1908e+01 4.8687e-09 7.2010e-05 1.9977e-26 3.6749e+02 F
3.0494e-08 8.7711e-12 1.5069e-08 3.1751e-31 1.6690e+02 F
2.6735e+02 1.1112e-08 3.0510e-03 4.2639e-27 8.5860e+01 F
8.9530e-15 7.7247e-13 3.7835e-10 1.5883e-34 1.0940e+02 F
3.9495e-11 8.1835e-15 1.0582e-11 7.3284e-27 1.1882e+03 F
2.4949e-11 1.8163e-15 8.9430e-12 1.0940e-26 9.7064e+02 F
6.4083e+00 7.6396e-08 1.1008e-05 2.0679e-27 9.3348e+01 F
7.0591e-22 4.9768e-23 9.4378e-17 7.3905e-27 1.1831e+03 F
1.3841e-01 8.9434e-10 1.5152e-06 7.8418e-27 1.1309e+03 F
2.7989e-05 5.2604e-12 1.4715e-07 2.0342e-29 1.9900e+02 F
1.2545e-18 5.3542e-20 4.2071e-15 6.9136e-27 1.2236e+03 F
2.0336e+02 2.4154e-08 7.2246e-04 8.9330e-28 1.4032e+02 F
1.3796e-23 3.9415e-17 7.2022e-14 1.6623e-35 3.0362e+02 F
1.3356e-10 1.6107e-14 0.0000e+00 6.1028e-26 1.7797e+03 S
4.0901e-04 3.3730e-11 0.0000e+00 6.0274e-26 1.8140e+03 S
4.8977e-10 5.0878e-14 3.0598e-13 7.7745e-27 1.1532e+03 F
7.5855e+02 1.4014e-09 3.0286e-03 7.6846e-27 1.2612e+02 F
1.6067e-08 2.2531e-13 1.3850e-10 7.1295e-27 1.2040e+03 F
1.2816e+01 4.1379e-09 7.8044e-05 1.8060e-26 2.7593e+02 F
3.3086e-08 2.3318e-13 1.7484e-10 9.1624e-27 1.0615e+03 F
3.9258e+02 1.3687e-08 1.5340e-03 2.5894e-27 1.2785e+02 F
2.0096e+00 4.8454e-11 6.3317e-06 2.9991e-27 1.4474e+02 F
9.4426e-05 1.6229e-11 0.0000e+00 5.5682e-26 1.8847e+03 S
1.4701e+02 2.2500e-08 6.9467e-04 9.0462e-27 1.1050e+02 F
9.5000e-20 8.2093e-20 7.2124e-16 9.4122e-27 1.0473e+03 F
4.1353e-11 1.2231e-14 0.0000e+00 4.5870e-26 2.0543e+03 S
7.8280e-04 2.9903e-11 5.0316e-08 8.1948e-27 1.1205e+03 F
7.6430e-07 5.3451e-13 0.0000e+00 1.3343e-25 1.1991e+03 S
6.3534e-17 3.3096e-18 2.2846e-14 7.5503e-27 1.1704e+03 F
2.1565e-14 9.1834e-17 3.0312e-13 8.7058e-27 1.0893e+03 F
5.9950e-08 1.8819e-12 1.0207e-09 4.4849e-29 2.6862e+02 F
5.2301e+02 7.8785e-09 3.4932e-03 2.5007e-27 1.0516e+02 F
4.1891e-15 1.4882e-16 3.0726e-15 7.6993e-27 1.1590e+03 F
6.2118e-15 9.1890e-17 1.2613e-13 7.9148e-27 1.1429e+03 F
1.3021e+01 5.5462e-09 8.6778e-05 2.2293e-26 3.8268e+02 F
4.3316e+00 2.0972e-08 4.5133e-05 1.7941e-26 9.5622e+02 F
4.2199e+02 1.0970e-08 2.1499e-03 2.5658e-27 1.1357e+02 F
6.8967e-12 1.4481e-17 7.6141e-12 8.8682e-27 1.0792e+03 F
6.9759e-06 2.7120e-12 4.7342e-09 7.9792e-27 1.1386e+03 F
1.8126e-15 2.8926e-17 1.0314e-13 7.6689e-27 1.1613e+03 F
2.5409e+02 1.2725e-08 3.1556e-03 1.5586e-27 8.9313e+01 F
3.8404e+02 6.6740e-09 2.3144e-03 9.6703e-27 1.0164e+02 F
8.6810e-08 1.6640e-13 7.9647e-10 7.4449e-27 1.1787e+03 F
8.8446e-06 4.2380e-12 4.2242e-09 7.5256e-27 1.1709e+03 F
8.1984e+01 2.6305e-09 2.7043e-04 1.9454e-26 1.4200e+02 F
2.3609e-03 1.1471e-10 0.0000e+00 5.6589e-26 1.9661e+03 S
2.2431e+01 4.6744e-09 7.5275e-05 2.0732e-26 1.3187e+02 F
1.1335e-04 9.4103e-12 1.6869e-08 9.1883e-27 1.0595e+03 F
8.0330e-19 1.0886e-18 8.4922e-16 9.5166e-27 1.0415e+03 F
4.1652e+02 1.4742e-08 1.4021e-03 6.4461e-27 1.4132e+02 F
1.0533e-09 1.0287e-14 1.0125e-10 7.3374e-27 1.1874e+03 F
1.7065e+01 8.2474e-09 9.4669e-04 1.7068e-28 7.9886e+01 F
6.7632e-09 2.7705e-14 0.0000e+00 2.3864e-25 8.9317e+02 S
1.4359e-09 2.7313e-14 6.1467e-11 9.6287e-27 1.0353e+03 F
7.4536e-08 2.0239e-13 4.9135e-10 8.9827e-27 1.0721e+03 F
9.3500e-03 1.1169e-10 1.9896e-07 8.6794e-27 1.1057e+03 F
4.4964e-08 3.5121e-13 0.0000e+00 5.2109e-26 1.9280e+03 S
6.9135e+02 8.6338e-10 2.3476e-03 1.3264e-26 1.3722e+02 F
1.0233e-06 8.2620e-13 1.4630e-09 9.7721e-27 1.0268e+03 F
2.6206e+02 1.2394e-08 8.1848e-04 1.1687e-26 1.6241e+02 F
7.2449e-07 1.9327e-12 3.2337e-10 7.1220e-27 1.2048e+03 F
2.3160e-14 2.4889e-16 1.7070e-13 7.4765e-27 1.1762e+03 F
1.2822e+01 4.1380e-10 4.8050e-05 1.2038e-26 1.2509e+02 F
3.1537e+02 1.5954e-08 2.8898e-03 2.2746e-27 9.3419e+01 F
1.6807e-07 5.3650e-13 4.3669e-08 5.2614e-31 1.2041e+02 F
2.3847e-08 2.2461e-13 0.0000e+00 5.8686e-26 1.8146e+03 S
9.0329e-10 4.4772e-14 4.3001e-11 7.2880e-27 1.1914e+03 F
8.5978e+00 1.7482e-08 7.6645e-05 2.1342e-26 6.6110e+02 F
3.5046e-03 3.5817e-11 1.5013e-07 8.6899e-27 1.1014e+03 F
4.2438e+02 1.8045e-08 1.2960e-03 4.1820e-27 1.5933e+02 F
1.8170e+01 8.5955e-08 1.2938e-03 2.3425e-28 6.7885e+01 F
3.5807e-04 2.2878e-11 0.0000e+00 8.1258e-26 1.5586e+03 S
5.4692e-10 2.5264e-14 0.0000e+00 7.7389e-26 1.5788e+03 S
1.1164e+01 9.3344e-08 6.9214e-05 2.1407e-26 9.4195e+02 F
2.3955e-24 1.0285e-17 4.7370e-14 1.0554e-35 2.8409e+02 F
1.3369e+01 4.3651e-11 9.3660e-05 1.9591e-26 2.5801e+02 F
3.5967e+02 1.2676e-08 1.3289e-03 7.5945e-27 1.3083e+02 F
3.5628e-07 4.1385e-13 7.9577e-10 1.0905e-26 9.7199e+02 F
3.3324e+00 3.1832e-10 1.1073e-05 6.4347e-27 2.5140e+02 F
8.6766e-02 5.2757e-10 9.6144e-07 1.1097e-26 1.1012e+03 F
7.8198e-07 1.3714e-12 0.0000e+00 5.5653e-26 1.8669e+03 S
7.8945e-10 2.2527e-14 5.0408e-11 8.7480e-27 1.0866e+03 F
2.1682e+02 2.5469e-08 3.7243e-03 1.2704e-27 8.6553e+01 F
3.3903e+02 2.0124e-08 3.7031e-03 2.7114e-27 8.9309e+01 F
4.8763e-10 5.3820e-12 4.5349e-08 8.4995e-33 1.3711e+02 F
7.4659e+01 2.6120e-08 2.7698e-04 7.1429e-28 1.2807e+02 F
3.4674e+02 1.4697e-08 3.0418e-03 6.3556e-27 9.0947e+01 F
1.1971e-09 4.8804e-14 0.0000e+00 6.0359e-26 1.7897e+03 S
1.5553e+01 2.1307e-09 1.0659e-04 2.0027e-26 2.1912e+02 F
8.6542e-13 1.2865e-15 2.4871e-10 1.0128e-31 2.3282e+02 F
4.0021e-24 8.3058e-17 2.8040e-14 7.5667e-36 6.3382e+02 F
2.9798e-16 6.9381e-19 4.7023e-14 9.2299e-27 1.0577e+03 F
3.2298e+02 1.3572e-08 1.4848e-03 1.5095e-27 1.2350e+02 F
7.0566e-04 7.5281e-11 1.0188e-06 3.3052e-30 1.6205e+02 F
2.3992e+02 9.6475e-09 9.0728e-04 1.4539e-26 1.2825e+02 F
7.7557e-04 5.7007e-11 0.0000e+00 5.3295e-26 1.9636e+03 S
1.0128e-08 6.4032e-14 1.3583e-07 2.4754e-32 1.1029e+02 F
4.3496e+02 1.0932e-08 1.5340e-03 6.2631e-27 1.3478e+02 F
3.4381e-08 1.9000e-13 3.2635e-10 8.0215e-27 1.1352e+03 F
4.7023e+01 1.1043e-08 2.7214e-03 4.9087e-28 7.7940e+01 F
6.5997e-12 3.9321e-14 7.6377e-10 1.9456e-31 4.1228e+02 F
1.7692e+02 7.8577e-09 6.8325e-04 6.3951e-28 1.4310e+02 F
1.8739e-08 6.5064e-14 3.1836e-10 8.5886e-27 1.0968e+03 F
6.3193e+01 2.5083e-09 6.6271e-04 8.3980e-27 8.5598e+01 F
1.1281e+01 5.6540e-09 7.0987e-05 1.5939e-26 2.8627e+02 F
2.4179e-21 2.3146e-16 8.0442e-12 1.4946e-36 1.4305e+02 F
7.4653e-27 2.1434e-24 3.2658e-19 6.9303e-27 1.2221e+03 F
4.3163e-03 8.4610e-11 1.4160e-07 7.4256e-27 1.1783e+03 F
1.1806e+01 4.3304e-10 5.5477e-05 1.3345e-26 1.1082e+02 F
2.5826e-02 3.8274e-10 1.5991e-07 8.2251e-27 1.1146e+03 F
5.1381e-05 1.1208e-11 0.0000e+00 5.7761e-26 1.8367e+03 S
6.5094e-11 9.1422e-15 0.0000e+00 7.4006e-26 1.6148e+03 S
4.5152e+00 4.1716e-08 1.0857e-05 2.8110e-29 1.4629e+02 F
3.2364e+02 1.9363e-09 1.7499e-03 1.2487e-26 1.0544e+02 F
2.8549e-02 3.5635e-10 2.8611e-07 8.1635e-27 1.1500e+03 F
1.1447e-06 2.1737e-12 0.0000e+00 4.3499e-26 2.1110e+03 S
8.5618e+01 1.6209e-09 2.4178e-04 1.0100e-26 1.7212e+02 F
2.0434e+02 1.2954e-09 6.7811e-04 9.0224e-28 1.6549e+02 F
1.4452e+01 2.1305e-09 7.8214e-05 1.9374e-26 2.5017e+02 F
4.3012e-02 5.8854e-09 1.8841e-07 5.6074e-29 1.0848e+03 F
3.0740e-08 2.5733e-12 4.5492e-09 6.0924e-30 1.0783e+02 F
1.4943e+01 1.1497e-09 1.3995e-04 1.6994e-26 1.9189e+02 F
2.7954e-23 1.2379e-20 7.3478e-19 7.3789e-27 1.1841e+03 F
7.3043e+00 1.9836e-08 3.4735e-05 3.9673e-29 1.2874e+02 F
2.2159e-11 4.9218e-15 6.3169e-12 9.0370e-27 1.0690e+03 F
1.3630e+01 3.3100e-09 8.0869e-05 2.0656e-26 3.0793e+02 F
5.0296e+01 8.6256e-09 2.8828e-03 5.1997e-28 7.8347e+01 F
1.2134e+01 3.8102e-09 1.0260e-04 1.5472e-26 2.0471e+02 F
5.2105e-12 2.4118e-15 2.7953e-12 9.3510e-27 1.0507e+03 F
4.7416e+01 9.0661e-09 3.0639e-03 5.5354e-28 7.2835e+01 F
2.3891e+01 7.6870e-08 2.1354e-06 4.9586e-27 3.4196e+02 F
1.5170e+01 5.6327e-09 1.2909e-04 1.6444e-26 1.9276e+02 F
2.2234e+01 3.7080e-13 1.9919e-04 2.3779e-26 1.9011e+02 F
3.1672e+02 1.6432e-08 3.0064e-03 2.0727e-27 9.3378e+01 F
6.0964e-09 1.4440e-13 0.0000e+00 4.7091e-26 2.0282e+03 S
9.0368e-01 4.5041e-11 3.7347e-06 3.0974e-27 1.1861e+02 F
1.1689e+01 3.9535e-09 7.6067e-05 1.7988e-26 3.1892e+02 F
1.4809e-15 4.2047e-17 4.2785e-14 9.5519e-27 1.0395e+03 F
3.2914e+00 8.8306e-11 2.7697e-05 4.5164e-27 2.1249e+02 F
8.5352e+01 2.3800e-09 2.7351e-04 2.0625e-26 1.4637e+02 F
1.3433e+01 3.3619e-09 8.7305e-05 2.2374e-26 3.5399e+02 F
1.4112e-08 1.2304e-13 0.0000e+00 8.0545e-26 1.5472e+03 S
1.3410e+01 2.5454e-08 2.1421e-05 1.4468e-26 2.5899e+02 F
1.4855e+00 8.0622e-10 3.1649e-06 1.2479e-26 1.9068e+02 F
8.8900e-12 1.8049e-15 6.5367e-12 8.4444e-27 1.1061e+03 F
3.2124e-04 2.0930e-11 3.1184e-08 7.9078e-27 1.1486e+03 F
6.2451e+01 1.2984e-08 3.4809e-03 6.2760e-28 7.9754e+01 F
2.8041e+02 3.4475e-09 1.8300e-03 1.1853e-26 9.8269e+01 F
2.3146e+01 4.5485e-09 2.6818e-04 1.1852e-26 1.7560e+02 F
6.3174e-03 2.6818e-11 7.8553e-07 1.4716e-28 2.3183e+02 F
7.9180e-22 4.3072e-20 2.3592e-17 8.4838e-27 1.1036e+03 F
4.3735e-09 1.0446e-13 0.0000e+00 5.4352e-26 1.8869e+03 S
9.2212e-05 4.0979e-12 0.0000e+00 2.0579e-25 9.6421e+02 S
1.3239e+00 5.4600e-09 5.1089e-07 9.9787e-27 5.3615e+02 F
6.7344e-16 6.8609e-13 9.6332e-14 2.8352e-35 2.9375e+02 F
6.9957e-04 4.3560e-11 0.0000e+00 6.4225e-26 1.7606e+03 S
5.7090e-04 3.7072e-11 2.7387e-08 8.0419e-27 1.1342e+03 F
6.4095e-08 3.2944e-13 0.0000e+00 6.5164e-26 1.7214e+03 S
2.9576e+01 2.8687e-09 1.3780e-04 2.2984e-26 1.8549e+02 F
8.7908e-09 4.4891e-14 2.3657e-10 8.0888e-27 1.1304e+03 F
4.0171e+01 1.1218e-08 2.6559e-03 4.8005e-28 7.1787e+01 F
1.7969e-09 4.3548e-14 6.9112e-11 8.3205e-27 1.1143e+03 F
2.9063e-02 6.3835e-11 6.3950e-07 8.8340e-27 1.0856e+03 F
1.1445e-03 7.6372e-11 0.0000e+00 5.1417e-26 2.0232e+03 S
1.0085e-08 1.7851e-13 0.0000e+00 4.8778e-26 1.9915e+03 S
8.1753e-12 2.0216e-13 3.0479e-09 6.9744e-33 1.0157e+02 F
1.5303e-11 4.7839e-15 6.4972e-12 7.6051e-27 1.1662e+03 F
7.5452e-04 9.2727e-12 8.2354e-07 7.7728e-30 1.0805e+02 F
7.9788e-30 8.5766e-18 6.3996e-18 1.7088e-39 4.0610e+02 F
3.6540e+01 7.0356e-09 2.1921e-03 3.9565e-28 7.6193e+01 F
1.7201e+01 3.1407e-09 1.8571e-04 1.2542e-26 1.7860e+02 F
2.7301e-04 1.7892e-11 2.5053e-08 8.6899e-27 1.0919e+03 F
1.3252e+01 1.7241e-09 9.3576e-05 2.3431e-26 3.7244e+02 F
2.8977e-08 3.2057e-13 0.0000e+00 4.6332e-26 2.0437e+03 S
2.9082e+01 1.0367e-08 1.6508e-03 2.9773e-28 7.8764e+01 F
5.0116e+02 2.0404e-08 1.5467e-03 3.9510e-27 1.5687e+02 F
6.7930e-11 8.3246e-15 0.0000e+00 8.2392e-26 1.5297e+03 S
2.2130e-07 7.7919e-13 2.6975e-10 8.7176e-27 1.0884e+03 F
4.2595e-04 1.6360e-11 3.4060e-08 9.5624e-27 1.0373e+03 F
2.2717e+02 1.9577e-08 3.3795e-03 1.0764e-27 9.1541e+01 F
8.7894e+00 6.7814e-09 8.0225e-05 2.1855e-26 5.8417e+02 F
1.1354e+02 1.6954e-08 3.1812e-03 6.5458e-28 9.2384e+01 F
5.2970e-07 1.1132e-12 0.0000e+00 5.6327e-26 1.8552e+03 S
1.0040e-10 8.9641e-15 1.6164e-11 8.8796e-27 1.0785e+03 F
3.5112e+00 7.4407e-10 1.8026e-05 1.3261e-28 1.2686e+02 F
1.1835e-09 3.7512e-11 4.5483e-08 9.3409e-33 1.4994e+02 F
5.1022e-10 3.8832e-14 0.0000e+00 5.0263e-26 1.9619e+03 S
2.2819e-03 1.3629e-10 0.0000e+00 5.1422e-26 2.0964e+03 S
1.5732e-18 2.5114e-18 1.8808e-16 8.5004e-27 1.1025e+03 F
3.6879e+01 5.7920e-10 2.3868e-04 1.2480e-26 9.7808e+01 F
7.7179e-24 5.1118e-22 9.8792e-18 6.9139e-27 1.2236e+03 F
1.8528e-07 7.9423e-13 0.0000e+00 4.7342e-26 2.0243e+03 S
9.9423e+00 2.9298e-08 9.4016e-06 7.1386e-28 1.5743e+02 F
1.1359e-09 5.2532e-14 0.0000e+00 5.5010e-26 1.8753e+03 S
5.0955e-05 1.4643e-11 0.0000e+00 4.5409e-26 2.0806e+03 S
2.3114e+02 1.0170e-08 7.3860e-04 1.1648e-26 1.5697e+02 F
1.5380e-09 7.8927e-14 3.3572e-11 6.9406e-27 1.2211e+03 F
9.3891e-12 2.8284e-15 5.7396e-12 8.0995e-27 1.1297e+03 F
2.1794e-08 1.0035e-13 2.5282e-10 9.5249e-27 1.0409e+03 F
1.6246e+01 3.4637e-09 1.1270e-04 2.2660e-26 2.4556e+02 F
9.5235e-14 4.5683e-13 2.5849e-09 4.7955e-34 1.3947e+02 F
3.8730e+02 1.4563e-08 3.2195e-03 2.4146e-27 9.6746e+01 F
4.8692e-11 2.7757e-15 1.5403e-11 9.2377e-27 1.0572e+03 F
6.2137e+01 2.0289e-09 2.8620e-04 1.8560e-26 1.1210e+02 F
1.1710e+01 8.3323e-09 8.6446e-05 2.2564e-26 4.6050e+02 F
9.5486e+00 9.7159e-09 7.6142e-05 2.0605e-26 5.3505e+02 F
5.9296e-19 1.0821e-19 1.9107e-15 9.5374e-27 1.0403e+03 F
2.5174e-03 1.1828e-10 0.0000e+00 5.7431e-26 1.9506e+03 S
3.3486e-07 5.0326e-13 0.0000e+00 9.5120e-26 1.4237e+03 S
5.6686e+01 2.5108e-08 3.4033e-03 6.1427e-28 7.6075e+01 F
9.1234e-03 3.6330e-10 0.0000e+00 6.2326e-26 2.1429e+03 S
5.3230e-31 5.9466e-19 8.2389e-17 1.8128e-38 2.7819e+02 F
4.6948e-07 1.1701e-12 0.0000e+00 5.0862e-26 1.9533e+03 S
1.8838e-08 1.2908e-13 2.1076e-10 8.9133e-27 1.0763e+03 F
1.7547e+02 1.2570e-08 3.1438e-03 1.2319e-27 8.3904e+01 F
3.9595e+01 7.0926e-09 2.3361e-03 4.2149e-28 7.7008e+01 F
1.6728e-11 9.0436e-16 1.2403e-11 7.7895e-27 1.1522e+03 F
6.8545e+00 2.1643e-08 2.6254e-05 5.7340e-27 2.7320e+02 F
6.6433e+01 7.8374e-10 2.7155e-04 1.4057e-26 1.2029e+02 F
3.2677e+02 3.2947e-08 2.3869e-03 3.2725e-27 9.7355e+01 F
3.5185e+02 1.7682e-08 2.5911e-03 1.6583e-27 1.0257e+02 F
5.0597e+02 6.1034e-09 1.7621e-03 3.6715e-27 1.6578e+02 F
3.4407e+02 1.4800e-08 3.2069e-03 3.4343e-27 9.1312e+01 F
1.3922e+01 2.1849e-09 8.3945e-05 1.7754e-26 2.2730e+02 F
7.0971e-11 1.2994e-14 0.0000e+00 5.5526e-26 1.8661e+03 S
6.8555e+01 8.9248e-09 3.9622e-03 7.1464e-28 7.8042e+01 F
3.1044e-09 5.3823e-14 9.7232e-11 8.2583e-27 1.1187e+03 F
1.2336e+01 8.6421e-09 7.6062e-05 1.6618e-26 2.7413e+02 F
2.3048e-09 7.3746e-14 0.0000e+00 5.5768e-26 1.8625e+03 S
2.7789e+02 1.9716e-08 9.2493e-04 7.7731e-27 1.4691e+02 F
5.3923e-07 4.4663e-13 0.0000e+00 1.3396e-25 1.1967e+03 S
8.8566e-01 2.0848e-10 6.0072e-06 1.4310e-27 3.0102e+02 F
1.3637e+01 3.4489e-09 1.1252e-04 1.8289e-26 2.1194e+02 F
2.9594e-03 5.5191e-11 8.7909e-08 9.3341e-27 1.0495e+03 F
1.2861e+02 6.9883e-09 4.8239e-04 1.6166e-26 1.2728e+02 F
1.3371e+01 1.5738e-10 1.0390e-04 1.8656e-26 2.2381e+02 F
1.7612e-09 8.6194e-14 0.0000e+00 4.2799e-26 2.1279e+03 S
3.7665e+00 2.0064e-08 1.0751e-05 5.3457e-27 6.8611e+02 F
5.1994e-09 6.5192e-14 1.1474e-10 8.9039e-27 1.0770e+03 F
1.0796e-12 3.5117e-16 3.3682e-12 7.0625e-27 1.2105e+03 F
4.0557e+01 7.1357e-09 2.3104e-03 4.1668e-28 7.8654e+01 F
2.1267e+01 3.9447e-09 1.1601e-03 2.0908e-28 8.0886e+01 F
1.0203e-08 1.6045e-13 0.0000e+00 5.4086e-26 1.8917e+03 S
7.2064e-10 4.9630e-14 0.0000e+00 4.7067e-26 2.0278e+03 S
2.1638e+02 1.0836e-08 2.6863e-03 3.9795e-27 8.4265e+01 F
4.1950e+01 8.0940e-09 6.7952e-04 5.5659e-28 8.1335e+01 F
5.6866e-14 3.9680e-16 7.8940e-15 1.0553e-26 9.8851e+02 F
2.4380e-09 5.6021e-14 0.0000e+00 7.3954e-26 1.6157e+03 S
1.3415e-04 1.6016e-11 0.0000e+00 6.7075e-26 1.7056e+03 S
7.4165e-09 3.6868e-13 7.7563e-09 1.9334e-30 3.7359e+02 F
7.0633e-08 5.4442e-13 0.0000e+00 4.2939e-26 2.1235e+03 S
8.0006e+00 1.1686e-09 3.2865e-05 1.2757e-26 2.7849e+02 F
9.8255e-15 1.0453e-16 1.1442e-13 9.5928e-27 1.0373e+03 F
1.4960e-15 2.2024e-15 5.0347e-11 8.4708e-33 2.1622e+02 F
4.6020e-12 1.1885e-16 5.9798e-12 8.9804e-27 1.0724e+03 F
4.1134e-13 8.8009e-16 1.0663e-12 7.1756e-27 1.2009e+03 F
2.2892e-18 1.7959e-18 1.3583e-15 9.8280e-27 1.0247e+03 F
1.1707e+01 9.8892e-09 8.7320e-05 1.4885e-26 2.1756e+02 F
1.4039e+01 1.6565e-09 9.4377e-05 2.2307e-26 3.1823e+02 F
1.6716e+02 1.2277e-08 1.1305e-03 1.3498e-27 1.4858e+02 F
1.3524e+01 1.5772e-08 8.0978e-05 2.0429e-26 3.8463e+02 F
3.4556e-04 3.0288e-11 0.0000e+00 6.1306e-26 1.8102e+03 S
5.7666e+02 1.8905e-09 2.7334e-03 4.0873e-27 1.2278e+02 F
2.2884e-01 1.0555e-09 2.1343e-06 1.0453e-26 1.0079e+03 F
8.5725e-06 1.6532e-12 1.8472e-08 1.0905e-28 1.4699e+02 F
4.6525e-08 3.6678e-13 0.0000e+00 5.0824e-26 1.9508e+03 S
5.5971e-13 4.6351e-16 1.3236e-12 9.6213e-27 1.0357e+03 F
7.6918e-20 6.3421e-20 7.5232e-16 8.5085e-27 1.1020e+03 F
4.2417e-16 4.3722e-19 5.7185e-14 9.1546e-27 1.0621e+03 F
1.0466e-07 7.2570e-13 6.2286e-11 7.5632e-27 1.1687e+03 F
1.2319e-19 6.3674e-19 2.8419e-16 7.5817e-27 1.1680e+03 F
2.2084e-18 4.8815e-15 2.7765e-12 5.8805e-34 2.6340e+02 F
1.7996e-09 6.8889e-14 0.0000e+00 5.2955e-26 1.9110e+03 S
9.3586e-11 1.5666e-14 0.0000e+00 5.3083e-26 1.9088e+03 S
8.3526e-15 4.9433e-17 2.5318e-13 7.3793e-27 1.1840e+03 F
2.1305e+02 8.3987e-09 8.5385e-04 1.5323e-26 1.2271e+02 F
1.0089e-09 4.5455e-14 0.0000e+00 5.9535e-26 1.8017e+03 S
1.1660e-11 5.1053e-15 0.0000e+00 5.7157e-26 1.8391e+03 S
2.1456e-07 5.0493e-13 0.0000e+00 7.7031e-26 1.5836e+03 S
1.4924e+01 6.6958e-10 1.2248e-04 1.8612e-26 2.0266e+02 F
7.5207e-01 5.1559e-09 6.4355e-06 9.8597e-27 1.0781e+03 F
1.4961e-11 6.2899e-15 0.0000e+00 5.2881e-26 1.9125e+03 S
6.3612e-05 8.0994e-12 1.6112e-08 7.6272e-27 1.1682e+03 F
6.1350e+01 1.1707e-08 3.5069e-03 6.3252e-28 7.8475e+01 F
2.0380e-07 8.1140e-13 0.0000e+00 4.8465e-26 2.0007e+03 S
1.3371e+02 2.0443e-08 4.3984e-04 4.3682e-28 1.6405e+02 F
1.7792e-03 9.1590e-11 4.9337e-06 1.8456e-30 1.6969e+02 F
3.4870e+02 1.0193e-08 1.6619e-03 5.9417e-27 1.1238e+02 F
3.8798e+02 1.2055e-08 2.0577e-03 1.1566e-26 1.0639e+02 F
8.1923e+00 7.5906e-09 3.3905e-05 1.5732e-26 3.9396e+02 F
1.6883e-09 2.6811e-14 7.9847e-11 8.9337e-27 1.0751e+03 F
5.2626e-30 1.3611e-17 6.1875e-15 1.2152e-39 1.2794e+02 F
1.5150e+01 2.8277e-09 1.4214e-04 1.5957e-26 1.8873e+02 F
5.4588e-03 3.2492e-11 7.2067e-06 1.7526e-30 1.1969e+02 F
4.4793e+01 8.8561e-09 2.6585e-03 4.7969e-28 7.6713e+01 F
1.0160e-04 2.1792e-11 0.0000e+00 4.4263e-26 2.1315e+03 S
4.0102e+01 2.0590e-08 2.3158e-03 4.1771e-28 7.7947e+01 F
1.1668e+01 2.2007e-09 7.8100e-05 1.6837e-26 2.6905e+02 F
8.0247e-03 1.2204e-10 8.3335e-07 2.2076e-28 5.1224e+02 F
5.3285e-02 2.7769e-10 5.9557e-07 1.0182e-26 1.0104e+03 F
1.4096e-01 6.1619e-10 1.4164e-06 9.8915e-27 1.0103e+03 F
7.1383e-05 9.2747e-12 1.2088e-08 8.7240e-27 1.0894e+03 F
2.6228e-17 2.6119e-18 1.1236e-14 8.8067e-27 1.0830e+03 F
4.8135e-10 5.6043e-15 3.9018e-09 5.2740e-31 1.9765e+02 F
3.7116e-04 6.4314e-12 4.9609e-08 8.8136e-27 1.0859e+03 F
7.4947e-23 1.7439e-20 1.3061e-18 8.4508e-27 1.1058e+03 F
1.6701e+01 2.6056e-09 1.3604e-04 1.8449e-26 1.9448e+02 F
1.7041e+02 1.7454e-09 7.6429e-04 1.7951e-26 1.1453e+02 F
1.6451e-09 7.6604e-14 0.0000e+00 4.6170e-26 2.0474e+03 S
2.0546e-10 5.4843e-15 3.6647e-11 8.3410e-27 1.1131e+03 F
4.0770e-10 3.3009e-14 0.0000e+00 5.2639e-26 1.9173e+03 S
7.9153e+00 4.2321e-08 1.0035e-02 1.9149e-27 1.6727e+01 F
6.5636e-12 4.2691e-15 0.0000e+00 5.1708e-26 1.9341e+03 S
1.4713e-06 8.9272e-13 1.9556e-09 9.6104e-27 1.0363e+03 F
3.0601e+02 7.2764e-09 1.0310e-03 6.6713e-27 1.3752e+02 F
6.8555e-07 1.7329e-12 7.3626e-11 8.3166e-27 1.1132e+03 F
7.8611e-08 4.7262e-13 0.0000e+00 5.1253e-26 1.9426e+03 S
4.1602e-10 1.2747e-14 0.0000e+00 1.2976e-25 1.2164e+03 S
4.8514e-07 5.7478e-13 1.1380e-09 9.1227e-27 1.0637e+03 F
3.1592e-15 1.3758e-15 5.8349e-11 1.3997e-32 3.3293e+02 F
3.1592e-15 1.3758e-15 5.8349e-11 1.3997e-32 3.3293e+02 F
6.9375e-11 7.0747e-13 1.6302e-09 4.4350e-31 7.1240e+02 F
7.4661e-08 3.3123e-13 5.1565e-10 7.1970e-27 1.1990e+03 F
8.4872e+00 1.0949e-08 6.6399e-05 1.7919e-26 5.4506e+02 F
1.1102e-01 1.3582e-09 0.0000e+00 2.6477e-25 1.0128e+03 S
7.3842e-20 5.7253e-19 1.3063e-16 7.3806e-27 1.1839e+03 F
1.1207e+01 2.5571e-09 7.3864e-05 1.7285e-26 3.1129e+02 F
5.0686e-04 4.8492e-11 0.0000e+00 4.8700e-26 2.0482e+03 S
9.0540e-05 1.8605e-11 0.0000e+00 4.8235e-26 2.0340e+03 S
6.8183e-04 7.6601e-11 1.7199e-06 1.5794e-30 1.2180e+02 F
6.9652e-12 5.0826e-15 0.0000e+00 4.5356e-26 2.0660e+03 S
8.2809e-10 4.0552e-14 1.8667e-11 9.5834e-27 1.0377e+03 F
2.6173e+01 3.4805e-09 1.5267e-04 1.6128e-26 1.8023e+02 F
1.0061e+01 2.0514e-09 5.5099e-04 9.9318e-29 8.0673e+01 F
4.2648e+01 4.6717e-09 2.6249e-03 4.7388e-28 7.5000e+01 F
2.1905e-05 4.0597e-12 9.2005e-09 8.1426e-27 1.1267e+03 F
1.2752e-26 3.0044e-17 1.4184e-13 2.5613e-38 1.0998e+02 F
1.8163e-04 2.5652e-11 0.0000e+00 5.0565e-26 1.9788e+03 S
7.6772e-05 1.4923e-12 1.1927e-07 5.2388e-29 3.1713e+02 F
3.3929e-03 1.0110e-10 4.7985e-08 8.7015e-27 1.0836e+03 F
4.7051e+01 1.0406e-08 2.9851e-03 5.3920e-28 7.3664e+01 F
7.5338e-06 4.1583e-12 0.0000e+00 5.7697e-26 1.8366e+03 S
1.5373e+01 5.9662e-09 9.8901e-05 2.1741e-26 2.7613e+02 F
4.0188e+00 7.1536e-10 3.4204e-05 1.0964e-26 5.5621e+02 F
1.4008e-05 6.1190e-12 0.0000e+00 5.4196e-26 1.8989e+03 S
1.4948e+01 3.5918e-09 9.6863e-05 2.2990e-26 3.1237e+02 F
7.1384e-03 3.3862e-10 0.0000e+00 5.4992e-26 2.3520e+03 S
4.0489e+02 1.7489e-08 1.2537e-03 2.5494e-27 1.6092e+02 F
3.8538e+02 1.4676e-08 2.8727e-03 4.8735e-27 9.6053e+01 F
3.3169e-08 2.0872e-13 2.1292e-10 9.1243e-27 1.0637e+03 F
5.9086e+01 1.2545e-08 3.2947e-03 5.9403e-28 7.9731e+01 F
1.6102e-08 1.5339e-13 2.2405e-10 7.4355e-27 1.1793e+03 F
1.9558e+02 6.4284e-09 7.5519e-04 1.6297e-26 1.2597e+02 F
1.5734e+01 7.0234e-09 6.2604e-05 2.3202e-26 2.8202e+02 F
3.0514e-05 6.0568e-12 9.2616e-09 8.0576e-27 1.1331e+03 F
6.5065e-07 6.1467e-13 1.3459e-09 9.3000e-27 1.0537e+03 F
1.2432e+01 2.7429e-09 6.9109e-05 1.7847e-26 2.8353e+02 F
1.9508e+02 1.4153e-08 1.1440e-03 3.3937e-27 1.6324e+02 F
9.9301e+00 1.9183e-08 5.3826e-04 9.7029e-29 8.0494e+01 F
1.8563e+02 2.2017e-08 1.1528e-03 9.0701e-27 9.9603e+01 F
4.3769e+02 1.1146e-08 1.7744e-03 1.0638e-26 1.2228e+02 F
3.3032e+02 1.6254e-08 1.0860e-03 1.6333e-27 1.6664e+02 F
8.1500e+00 7.9607e-09 6.3587e-05 1.6876e-26 5.1290e+02 F
2.7764e+02 2.3832e-08 2.1742e-03 1.6275e-27 9.8764e+01 F
3.6017e-09 5.7991e-14 1.2861e-10 7.3850e-27 1.1827e+03 F
1.4256e-09 6.0715e-14 0.0000e+00 5.3433e-26 1.9024e+03 S
3.5368e-02 3.6689e-10 2.0621e-07 1.0204e-26 1.0140e+03 F
3.2720e-01 1.5841e-10 3.3174e-06 7.7607e-28 3.1239e+02 F
4.0957e-15 4.9179e-18 2.1638e-13 7.5089e-27 1.1737e+03 F
3.9199e-08 3.7875e-13 0.0000e+00 4.5680e-26 2.0584e+03 S
1.1741e-10 1.6039e-14 0.0000e+00 5.7689e-26 1.8305e+03 S
7.1735e-01 1.4166e-10 9.0116e-06 5.4084e-29 1.7098e+02 F
6.7070e-04 3.7133e-11 0.0000e+00 7.2944e-26 1.6470e+03 S
7.0511e-12 3.8472e-14 1.2708e-08 2.2836e-33 1.0290e+02 F
5.9962e+01 1.2080e-08 3.2852e-03 5.9217e-28 8.0650e+01 F
1.1930e-12 1.8831e-14 5.2851e-10 1.4338e-31 6.5676e+02 F
1.2991e-08 2.0972e-13 0.0000e+00 4.7322e-26 2.0234e+03 S
4.6926e-06 3.4863e-12 0.0000e+00 5.4186e-26 1.8908e+03 S
6.8845e-11 1.4437e-12 1.4875e-09 4.1365e-31 9.7891e+02 F
6.7344e+02 3.6061e-09 2.5044e-03 6.2138e-27 1.3128e+02 F
2.6484e-03 1.9251e-10 3.1768e-06 2.0689e-30 1.1404e+02 F
3.4536e-07 1.1228e-12 0.0000e+00 4.5848e-26 2.0549e+03 S
3.4471e-03 1.6986e-10 0.0000e+00 5.2642e-26 2.1237e+03 S
4.8816e-08 1.7218e-13 2.5310e-10 1.1200e-26 9.5912e+02 F
3.7234e+02 2.0825e-08 2.4149e-03 7.8357e-27 9.9234e+01 F
1.1393e-08 1.5252e-13 0.0000e+00 5.9645e-26 1.7999e+03 S
1.5677e+01 5.6885e-09 9.4803e-05 2.2451e-26 2.8787e+02 F
3.3331e-10 4.8522e-15 2.4355e-09 7.7176e-31 3.6070e+02 F
3.9681e-14 9.3196e-20 7.3137e-13 7.1751e-27 1.2008e+03 F
4.7663e+01 6.0733e-08 4.9005e-04 3.8584e-27 8.5145e+01 F
1.5521e-07 7.8323e-13 0.0000e+00 4.4219e-26 2.0952e+03 S
2.1400e-09 3.8615e-14 9.4021e-11 8.0278e-27 1.1348e+03 F
7.6489e-22 3.9106e-15 1.1306e-14 1.4151e-36 1.9234e+02 F
3.7793e-02 5.8777e-10 8.0904e-08 8.3853e-27 1.1163e+03 F
9.3579e-06 6.0018e-12 0.0000e+00 4.5708e-26 2.0704e+03 S
3.8585e+02 1.5593e-08 2.8856e-03 2.6270e-27 9.8934e+01 F
1.6182e-04 2.6485e-11 1.0195e-08 6.9905e-27 1.2113e+03 F
3.5090e-14 1.3584e-16 4.2104e-13 7.9009e-27 1.1440e+03 F
2.5603e-05 8.0012e-12 0.0000e+00 5.6475e-26 1.8622e+03 S
1.3455e+02 3.9636e-09 1.0115e-03 1.1820e-26 9.3457e+01 F
1.7795e-10 1.8928e-14 0.0000e+00 6.0014e-26 1.7948e+03 S
4.0178e-04 4.7226e-11 2.2538e-09 7.6093e-27 1.1557e+03 F
4.5376e+02 7.1460e-09 2.5890e-03 6.1408e-27 1.0489e+02 F
2.4367e-08 3.1833e-13 0.0000e+00 4.3085e-26 2.1198e+03 S
6.1352e-15 2.4504e-18 2.5116e-13 8.0122e-27 1.1359e+03 F
2.4190e-17 3.1078e-15 1.8674e-10 3.3567e-35 1.1165e+02 F
3.3131e-09 8.4100e-14 5.5037e-11 8.4391e-27 1.1065e+03 F
9.7258e+01 1.8359e-09 7.4911e-04 5.7857e-28 9.9287e+01 F
3.3714e-10 2.9089e-14 0.0000e+00 5.4168e-26 1.8894e+03 S
1.0067e-13 4.4566e-16 2.4261e-13 9.2233e-27 1.0581e+03 F
1.9956e+00 3.6166e-09 1.8860e-05 1.2119e-26 8.0364e+02 F
4.3355e-17 1.2530e-17 5.9078e-15 7.1537e-27 1.2027e+03 F
5.1625e+01 1.0257e-08 3.0661e-03 5.5331e-28 7.6673e+01 F
6.6506e+00 7.0370e-10 6.2561e-05 2.4172e-29 1.4162e+02 F
1.2289e+01 7.5826e-09 8.7290e-05 2.3300e-26 4.4426e+02 F
2.9915e+02 1.2639e-08 1.7507e-03 1.1879e-27 1.1730e+02 F
1.7544e-08 2.3442e-13 0.0000e+00 4.8987e-26 1.9872e+03 S
4.3848e-14 1.8896e-18 5.5432e-13 9.6110e-27 1.0363e+03 F
1.1764e-01 6.5246e-10 1.2319e-06 9.3731e-27 1.0710e+03 F
8.5160e-04 6.1125e-11 0.0000e+00 5.2636e-26 1.9725e+03 S
1.6927e-04 1.1963e-11 2.2000e-07 5.4910e-29 3.7739e+02 F
4.2572e+00 5.3753e-09 6.7886e-06 1.5984e-26 2.2400e+02 F
1.5776e-13 1.5911e-16 9.0353e-13 9.0250e-27 1.0697e+03 F
2.9291e-04 1.7802e-11 2.7718e-08 8.5681e-27 1.0971e+03 F
3.1422e+01 3.2469e-08 2.0711e-03 3.7433e-28 7.1720e+01 F
3.9281e-18 3.3925e-18 3.4486e-16 9.7297e-27 1.0299e+03 F
5.6156e-08 4.2798e-13 0.0000e+00 4.8128e-26 2.0050e+03 S
6.1939e-21 8.1005e-16 3.0681e-13 7.6316e-35 3.7278e+02 F
2.3428e+01 1.1709e-08 1.3013e-03 2.3462e-28 7.9842e+01 F
6.7134e-09 1.0733e-13 0.0000e+00 6.4711e-26 1.7282e+03 S
2.9785e-06 3.1481e-12 0.0000e+00 4.8355e-26 2.0067e+03 S
4.8410e+01 1.1762e-08 2.7964e-03 5.0437e-28 7.8032e+01 F
7.6318e-19 2.1538e-18 4.0005e-18 7.2857e-27 1.1917e+03 F
8.8290e-06 5.1261e-12 0.0000e+00 5.1239e-26 1.9462e+03 S
1.5655e-13 4.4470e-16 4.6119e-13 9.2313e-27 1.0576e+03 F
4.5905e-16 2.7716e-18 6.1646e-14 8.4558e-27 1.1055e+03 F
1.0163e+02 8.8328e-09 3.7949e-03 7.6847e-28 8.3781e+01 F
6.4759e+00 9.7566e-12 3.7321e-05 7.2551e-27 2.0462e+02 F
4.2518e+02 2.1578e-08 1.8891e-03 3.2172e-27 1.1853e+02 F
4.7600e+01 8.2848e-10 1.5903e-04 1.8624e-26 1.3816e+02 F
5.6664e-03 5.1933e-11 1.3496e-07 1.0477e-26 9.7173e+02 F
2.7124e-05 5.2794e-12 9.1675e-09 8.1476e-27 1.1280e+03 F
2.4669e-08 2.3095e-13 4.8572e-12 1.1919e-26 9.2936e+02 F
1.3383e+01 1.9605e-10 3.7827e-05 7.0470e-27 1.6686e+02 F
2.2446e-10 1.5500e-14 2.6650e-11 7.9430e-27 1.1409e+03 F
1.6953e+01 7.0356e-09 1.5479e-04 1.9231e-26 1.9306e+02 F
1.5522e-04 8.8149e-12 2.7690e-08 8.1880e-27 1.1215e+03 F
1.0131e-17 1.9390e-14 3.9851e-12 4.7450e-34 1.9132e+02 F
3.2765e-10 2.8289e-14 0.0000e+00 5.4868e-26 1.8777e+03 S
5.2466e-07 1.2806e-12 0.0000e+00 4.9292e-26 1.9844e+03 S
3.8648e-08 7.9206e-14 0.0000e+00 1.9962e-25 9.7808e+02 S
1.8863e+01 6.3378e-08 4.6560e-06 3.4197e-27 2.9175e+02 F
3.2416e+02 1.3383e-08 3.6969e-03 3.4346e-27 8.7065e+01 F
1.5371e+02 1.1829e-08 5.3795e-04 1.0609e-26 1.3583e+02 F
1.5471e-06 1.0395e-12 2.0143e-09 9.1330e-27 1.0634e+03 F
6.2716e+01 2.0470e-09 4.9872e-04 1.1364e-26 9.1759e+01 F
1.9797e-13 8.1041e-16 1.2011e-13 8.9004e-27 1.0773e+03 F
1.0305e+02 2.5687e-09 5.0818e-04 1.6491e-26 1.0872e+02 F
3.7153e-02 1.9554e-10 4.9139e-07 9.7422e-27 1.0185e+03 F
3.5588e-04 3.7149e-11 0.0000e+00 5.2125e-26 1.9642e+03 S
8.8257e-02 5.2306e-10 9.3450e-07 1.1358e-26 1.0792e+03 F
5.7613e+01 3.2193e-09 1.0543e-03 5.5295e-28 8.1319e+01 F
2.3472e-25 2.3459e-17 3.4250e-13 6.8091e-38 1.6650e+02 F
8.0099e+00 2.8990e-10 7.1856e-05 1.9090e-26 5.1601e+02 F
2.8838e-12 2.2164e-14 1.6553e-10 5.0121e-31 2.6834e+02 F
1.1384e-05 5.4395e-12 0.0000e+00 5.4576e-26 1.8855e+03 S
1.7931e-09 6.7275e-14 0.0000e+00 5.4051e-26 1.8921e+03 S
1.1704e-08 2.5219e-15 3.1852e-10 8.6783e-27 1.0909e+03 F
2.2862e-19 2.9204e-20 1.3374e-15 8.9304e-27 1.0754e+03 F
9.2872e-12 5.2717e-15 0.0000e+00 4.9980e-26 1.9678e+03 S
7.5274e-08 4.5884e-13 0.0000e+00 5.1623e-26 1.9356e+03 S
2.1723e-16 1.1167e-17 3.4599e-14 7.5888e-27 1.1675e+03 F
7.9137e-09 1.2546e-13 0.0000e+00 6.0401e-26 1.7893e+03 S
1.5560e-18 3.1070e-15 6.9297e-11 1.2779e-35 1.4062e+02 F
6.6954e+00 2.4083e-08 8.3154e-05 2.3438e-26 9.0751e+02 F
2.1700e-14 2.6923e-16 6.4657e-14 8.4033e-27 1.1089e+03 F
6.8481e-18 3.4100e-18 2.7337e-15 8.8209e-27 1.0821e+03 F
1.9015e-18 2.9687e-19 3.3637e-15 9.3309e-27 1.0519e+03 F
1.6318e-09 4.3918e-14 7.6918e-11 7.5129e-27 1.1733e+03 F
5.3962e-06 3.9976e-12 0.0000e+00 5.1154e-26 1.9523e+03 S
5.4534e+02 7.8179e-09 2.0751e-03 3.8461e-27 1.3232e+02 F
1.0095e-03 1.6601e-11 5.1550e-08 1.1421e-26 9.5139e+02 F
8.4072e+00 1.7784e-08 6.9170e-05 1.9963e-26 6.4222e+02 F
7.0728e+01 1.4959e-08 3.9738e-03 7.1647e-28 7.9341e+01 F
6.3969e-03 6.8450e-11 0.0000e+00 2.1561e-25 9.4693e+02 S
1.9141e-06 1.9715e-12 0.0000e+00 6.0442e-26 1.7917e+03 S
3.2046e-09 6.4346e-14 5.5695e-11 9.7775e-27 1.0273e+03 F
1.0189e-07 4.6219e-13 0.0000e+00 5.8995e-26 1.8098e+03 S
1.0112e+01 4.4079e-08 1.1300e-05 3.0663e-27 2.5433e+02 F
2.3588e-11 7.2838e-15 0.0000e+00 5.6993e-26 1.8418e+03 S
1.4761e-06 2.3541e-12 8.7268e-10 7.4159e-27 1.1809e+03 F
6.5792e-10 4.1694e-14 0.0000e+00 5.2918e-26 1.9122e+03 S
1.9257e+00 9.0381e-09 2.2063e-05 1.4047e-26 1.0300e+03 F
1.1442e+00 2.3035e-09 9.5902e-07 1.4382e-26 2.2028e+02 F
1.5639e-12 2.0583e-12 7.9988e-11 9.4641e-33 1.9100e+02 F
1.3901e+01 3.7727e-09 9.3194e-05 1.8650e-26 2.3559e+02 F
8.0361e-12 3.8473e-15 1.8947e-12 9.7768e-27 1.0274e+03 F
2.3118e+00 1.0495e-09 6.3162e-06 8.5604e-27 2.8948e+02 F
1.5126e+01 3.4866e-09 1.2914e-04 1.9217e-26 2.0341e+02 F
9.8746e-25 3.3525e-22 2.9390e-18 7.5947e-27 1.1670e+03 F
7.3065e-10 1.0961e-14 7.4092e-11 7.8392e-27 1.1485e+03 F
2.8603e-10 2.1584e-14 0.0000e+00 6.6255e-26 1.7073e+03 S
4.1800e+01 1.5145e-08 2.6126e-03 4.7177e-28 7.4312e+01 F
1.3159e+02 3.7653e-09 5.1538e-04 1.6669e-26 1.2393e+02 F
1.8968e-03 1.1699e-10 0.0000e+00 4.8075e-26 2.1453e+03 S
1.2392e+01 3.0472e-08 9.6178e-04 1.7452e-28 6.4925e+01 F
5.9271e-04 4.4775e-11 0.0000e+00 5.7478e-26 1.8839e+03 S
3.4952e+02 1.0353e-08 3.4443e-03 3.2432e-27 9.0500e+01 F
6.7558e-04 2.3263e-11 4.4283e-08 9.0944e-27 1.0680e+03 F
9.4574e-05 3.9031e-12 0.0000e+00 2.1897e-25 9.3295e+02 S
